16297.1

-139.015 -616.771 -7049.92 7.50289 -0.00630045 -0.0720732 

5793.19 13.6538 151.061 0.225039 0.5202 5.94862 
13.6538 0.923878 0.504964 0.000705731 0.00121371 0.0140101 
151.061 0.504964 6.39251 0.00774184 0.0135704 0.155075 
0.225039 0.000705731 0.00774184 1.13627e-05 2.01844e-05 0.000230935 
0.5202 0.00121371 0.0135704 2.01844e-05 4.78577e-05 0.000534106 
5.94862 0.0140101 0.155075 0.000230935 0.000534106 0.00610869 
