4444.66

-140.762 -616.8 -7050.26 7.50325 -0.00646537 -0.0739588 

570.622 5.10214 56.7141 0.042837 0.0479645 0.549166 
5.10214 0.938688 0.672474 0.000620552 0.000414455 0.00488219 
56.7141 0.672474 8.28754 0.0068395 0.00474702 0.0543268 
0.042837 0.000620552 0.0068395 5.75389e-06 3.5741e-06 4.09369e-05 
0.0479645 0.000414455 0.00474702 3.5741e-06 5.17708e-06 4.6102e-05 
0.549166 0.00488219 0.0543268 4.09369e-05 4.6102e-05 0.000528921 
