14815.6

-7148.34 -0.196027 -2.18644 0.00235913 -0.647504 -7.40122 

24.219 -27.4291 -313.678 0.330502 -0.00149294 -0.0174787 
-27.4291 33.1088 366.687 -0.385801 0.00171633 0.0199677 
-313.678 366.687 4194.37 -4.41191 0.0196432 0.228496 
0.330502 -0.385801 -4.41191 0.0046429 -2.06777e-05 -0.000240671 
-0.00149294 0.00171633 0.0196432 -2.06777e-05 1.05578e-06 1.04315e-06 
-0.0174787 0.0199677 0.228496 -0.000240671 1.04315e-06 1.3212e-05 
