8889.33

-7148.53 -0.120301 -1.32065 0.00142311 -0.647521 -7.40141 

23.8857 -16.3985 -187.639 0.197638 -0.00151032 -0.0176665 
-16.3985 12.7055 133.401 -0.139993 0.00103728 0.0120539 
-187.639 133.401 1527.04 -1.60142 0.011878 0.137991 
0.197638 -0.139993 -1.60142 0.00168156 -1.2497e-05 -0.000145323 
-0.00151032 0.00103728 0.011878 -1.2497e-05 1.05561e-06 1.04119e-06 
-0.0176665 0.0120539 0.137991 -0.000145323 1.04119e-06 1.31903e-05 
