25186.4

-145.125 616.725 7049.4 -7.50234 -0.00688409 -0.0786313 

11476.5 37.7017 424.276 -0.091832 1.0806 12.355 
37.7017 1.01729 1.58179 -0.000272489 0.00356556 0.0406036 
424.276 1.58179 18.8099 -0.00290073 0.0399771 0.456859 
-0.091832 -0.000272489 -0.00290073 4.34144e-06 -8.67207e-06 -9.89423e-05 
1.0806 0.00356556 0.0399771 -8.67207e-06 0.00010289 0.00116326 
12.355 0.0406036 0.456859 -9.89423e-05 0.00116326 0.0133013 
