10370.9

-139.889 -616.79 -7050.14 7.50312 -0.00638308 -0.073018 

2497.65 9.91167 110.018 0.1202 0.220867 2.52631 
9.91167 0.929888 0.572868 0.000683915 0.00086329 0.0100098 
110.018 0.572868 7.15966 0.00752758 0.00972389 0.111174 
0.1202 0.000683915 0.00752758 8.18333e-06 1.06113e-05 0.000121429 
0.220867 0.00086329 0.00972389 1.06113e-05 2.06771e-05 0.000223348 
2.52631 0.0100098 0.111174 0.000121429 0.000223348 0.00255575 
