19260.2

-144.262 616.757 7049.76 -7.50273 -0.00680358 -0.0777108 

6558.44 26.4558 297.5 -0.0208901 0.621259 7.10373 
26.4558 0.992775 1.30434 2.64335e-05 0.00252068 0.0286669 
297.5 1.30434 15.6701 0.000466581 0.0281966 0.322288 
-0.0208901 2.64335e-05 0.000466581 2.63764e-06 -1.99301e-06 -2.2677e-05 
0.621259 0.00252068 0.0281966 -1.99301e-06 5.99941e-05 0.000672855 
7.10373 0.0286669 0.322288 -2.2677e-05 0.000672855 0.00769493 
