34075.8

-136.38 -616.664 -7048.7 7.50159 -0.00605051 -0.0692155 

23884.7 19.1418 208.242 0.695949 2.17622 24.8801 
19.1418 0.945267 0.751019 0.000249304 0.00173728 0.0199655 
208.242 0.751019 9.226 0.00242171 0.0190448 0.217292 
0.695949 0.000249304 0.00242171 2.86675e-05 6.33232e-05 0.000724442 
2.17622 0.00173728 0.0190448 6.33232e-05 0.000199431 0.00226687 
24.8801 0.0199655 0.217292 0.000724442 0.00226687 0.0259174 
