17778.7

7006.76 0.232944 2.60974 -0.00283591 0.660559 7.55044 

1.44303 -5.32048 -60.6549 0.0652241 3.99501e-05 0.000484054 
-5.32048 48.688 545.269 -0.586384 -0.000480603 -0.00500042 
-60.6549 545.269 6236.04 -6.70515 -0.00548964 -0.0571355 
0.0652241 -0.586384 -6.70515 0.00721174 5.89339e-06 6.14669e-05 
3.99501e-05 -0.000480603 -0.00548964 5.89339e-06 1.0126e-06 5.7342e-08 
0.000484054 -0.00500042 -0.0571355 6.14669e-05 5.7342e-08 1.50422e-06 
