26668

-7147.67 -0.347442 -3.91765 0.00423076 -0.647444 -7.40053 

26.5126 -50.0374 -571.933 0.602863 -0.00133087 -0.0156551 
-50.0374 104.48 1182.63 -1.24562 0.00302134 0.0352047 
-571.933 1182.63 13522.5 -14.2416 0.0345734 0.402828 
0.602863 -1.24562 -14.2416 0.0150012 -3.63956e-05 -0.000424207 
-0.00133087 0.00302134 0.0345734 -3.63956e-05 1.06572e-06 1.15592e-06 
-0.0156551 0.0352047 0.402828 -0.000424207 1.15592e-06 1.44924e-05 
