23704.9

7006.41 0.308863 3.47776 -0.00377751 0.660526 7.55007 

2.33774 -7.40263 -84.3691 0.0907404 0.000124746 0.00144256 
-7.40263 85.7925 969.457 -1.04249 -0.000670697 -0.00700566 
-84.3691 969.457 11085.5 -11.9194 -0.00765495 -0.0799616 
0.0907404 -1.04249 -11.9194 0.0128183 8.22326e-06 8.60296e-05 
0.000124746 -0.000670697 -0.00765495 8.22326e-06 1.02065e-06 1.48209e-07 
0.00144256 -0.00700566 -0.0799616 8.60296e-05 1.48209e-07 2.53091e-06 
