11852.4

7007 0.157012 1.74158 -0.00189416 0.660582 7.5507 

1.09336 -3.43694 -39.1854 0.0421332 6.60194e-06 0.000111111 
-3.43694 22.1854 242.265 -0.260568 -0.000309777 -0.00320974 
-39.1854 242.265 2771.8 -2.98011 -0.00354219 -0.0367346 
0.0421332 -0.260568 -2.98011 0.00320625 3.79887e-06 3.95246e-05 
6.60194e-06 -0.000309777 -0.00354219 3.79887e-06 1.00942e-06 2.17462e-08 
0.000111111 -0.00320974 -0.0367346 3.95246e-05 2.17462e-08 1.10664e-06 
