20741.8

-7148.05 -0.271742 -3.05213 0.00329503 -0.647478 -7.40092 

24.9876 -38.6208 -441.532 0.465315 -0.00144281 -0.0169191 
-38.6208 63.702 716.449 -0.754361 0.00237971 0.0277078 
-441.532 716.449 8193.07 -8.62553 0.0272314 0.317039 
0.465315 -0.754361 -8.62553 0.009083 -2.86686e-05 -0.000333916 
-0.00144281 0.00237971 0.0272314 -2.86686e-05 1.05827e-06 1.07136e-06 
-0.0169191 0.0277078 0.317039 -0.000333916 1.07136e-06 1.35312e-05 
