35557.3

7005.42 0.460645 5.21318 -0.00566002 0.660433 7.549 

7.49711 -12.424 -141.516 0.152277 0.000612048 0.00698528 
-12.424 191.781 2181.08 -2.34522 -0.00113335 -0.0119415 
-141.516 2181.08 24936.4 -26.8119 -0.0129208 -0.136108 
0.152277 -2.34522 -26.8119 0.0288306 1.38938e-05 0.000146497 
0.000612048 -0.00113335 -0.0129208 1.38938e-05 1.0667e-06 6.71757e-07 
0.00698528 -0.0119415 -0.136108 0.000146497 6.71757e-07 8.48512e-06 
