1481.56

-141.661 616.801 7050.27 -7.50328 -0.00655986 -0.0749243 

12.4719 0.853099 9.80164 0.00635604 0.00155645 0.0177301 
0.853099 0.947381 0.791721 0.000520966 0.000140437 0.00146633 
9.80164 0.791721 9.88418 0.00599727 0.00144544 0.0166102 
0.00635604 0.000520966 0.00599727 4.05767e-06 8.64954e-07 9.92027e-06 
0.00155645 0.000140437 0.00144544 8.64954e-07 1.36131e-06 2.42423e-06 
0.0177301 0.00146633 0.0166102 9.92027e-06 2.42423e-06 2.89518e-05 
