5926.22

7007.15 0.0810715 0.873316 -0.000952293 0.660596 7.55086 

0.999385 -1.68659 -19.2136 0.0206594 -2.53246e-06 1.20352e-05 
-1.68659 6.28924 60.4976 -0.0650944 -0.000152047 -0.0015631 
-19.2136 60.4976 693.337 -0.744927 -0.00174206 -0.0179533 
0.0206594 -0.0650944 -0.744927 0.000802534 1.8634e-06 1.93311e-05 
-2.53246e-06 -0.000152047 -0.00174206 1.8634e-06 1.00853e-06 1.20837e-08 
1.20352e-05 -0.0015631 -0.0179533 1.93311e-05 1.20837e-08 1.00237e-06 
