28149.5

-137.26 -616.708 -7049.2 7.50213 -0.00613416 -0.0701719 

16487.6 18.2016 199.405 0.513772 1.49796 17.1264 
18.2016 0.928458 0.558462 0.000525914 0.00164435 0.0189154 
199.405 0.558462 7.01863 0.00561782 0.0181582 0.207304 
0.513772 0.000525914 0.00561782 2.1154e-05 4.66214e-05 0.000533368 
1.49796 0.00164435 0.0181582 4.66214e-05 0.000137242 0.00155595 
17.1264 0.0189154 0.207304 0.000533368 0.00155595 0.0177904 
