29631.1

7005.97 0.384764 4.34559 -0.0047189 0.660485 7.54959 

4.18236 -9.74872 -111.074 0.119489 0.000299113 0.00342282 
-9.74872 133.493 1514.76 -1.6288 -0.000886228 -0.00929592 
-111.074 1514.76 17319.3 -18.6221 -0.0101086 -0.106018 
0.119489 -1.6288 -18.6221 0.020025 1.08647e-05 0.000114083 
0.000299113 -0.000886228 -0.0101086 1.08647e-05 1.03714e-06 3.35418e-07 
0.00342282 -0.00929592 -0.106018 0.000114083 3.35418e-07 4.6566e-06 
