7407.78

-142.53 616.795 7050.2 -7.5032 -0.00664147 -0.0758573 

825.914 8.09484 90.9862 0.0274273 0.0816921 0.934558 
8.09484 0.95976 0.931514 0.000399221 0.000814006 0.00916559 
90.9862 0.931514 11.4615 0.00464158 0.00899807 0.102933 
0.0274273 0.000399221 0.00464158 2.79151e-06 2.70331e-06 3.09297e-05 
0.0816921 0.000814006 0.00899807 2.70331e-06 9.22531e-06 9.23907e-05 
0.934558 0.00916559 0.102933 3.09297e-05 9.23907e-05 0.00105819 
