2963.11

-7148.62 -0.0445696 -0.454779 0.000487015 -0.64753 -7.40151 

23.7734 -5.46456 -62.6824 0.065937 -0.00151433 -0.0177045 
-5.46456 2.49546 16.6281 -0.016978 0.000348644 0.00403575 
-62.6824 16.6281 191.498 -0.194485 0.0040055 0.0463192 
0.065937 -0.016978 -0.194485 0.000199419 -4.20115e-06 -4.87204e-05 
-0.00151433 0.000348644 0.0040055 -4.20115e-06 1.056e-06 1.04541e-06 
-0.0177045 0.00403575 0.0463192 -4.87204e-05 1.04541e-06 1.32361e-05 
