13334

-143.397 616.78 7050.03 -7.50302 -0.00672271 -0.0767862 

3008.03 16.6078 186.643 0.0186066 0.288271 3.29669 
16.6078 0.974384 1.09659 0.000240652 0.00160544 0.0182099 
186.643 1.09659 13.3238 0.00286985 0.0178926 0.204567 
0.0186066 0.000240652 0.00286985 2.24028e-06 1.77498e-06 2.03418e-05 
0.288271 0.00160544 0.0178926 1.77498e-06 2.87707e-05 0.000315881 
3.29669 0.0182099 0.204567 2.03418e-05 0.000315881 0.00361367 
