31112.7

-145.986 616.685 7048.94 -7.50185 -0.00696421 -0.0795474 

17761.5 50.4078 567.683 -0.194974 1.66621 19.0497 
50.4078 1.05114 1.96558 -0.000695393 0.00474584 0.0540856 
567.683 1.96558 23.1622 -0.0076814 0.0532998 0.60903 
-0.194974 -0.000695393 -0.0076814 7.83366e-06 -1.8332e-05 -0.000209252 
1.66621 0.00474584 0.0532998 -1.8332e-05 0.000157452 0.001787 
19.0497 0.0540856 0.60903 -0.000209252 0.001787 0.0204318 
