7613.03

-686.36 748.78 1823.28 1.20393 0.0764241 0.186086 

1673.83 31.0512 77.8529 0.36302 -0.316313 -0.770725 
31.0512 3.14337 2.97243 0.00566879 -0.00616808 -0.0147485 
77.8529 2.97243 9.08894 0.0143495 -0.0151415 -0.0370363 
0.36302 0.00566879 0.0143495 8.01934e-05 -6.83065e-05 -0.000166449 
-0.316313 -0.00616808 -0.0151415 -6.83065e-05 6.03181e-05 0.000145671 
-0.770725 -0.0147485 -0.0370363 -0.000166449 0.000145671 0.000355462 
