45678.2

-2368.75 1.42642 3.48795 0.00244095 0.40032 0.974776 

206.361 618.296 1505.1 0.881573 -0.00968814 -0.0228068 
618.296 4228.07 10293.3 5.97993 0.067974 0.167342 
1505.1 10293.3 25073 14.5651 0.165697 0.407954 
0.881573 5.97993 14.5651 0.00846305 9.51234e-05 0.000234301 
-0.00968814 0.067974 0.165697 9.51234e-05 4.94182e-06 1.07615e-05 
-0.0228068 0.167342 0.407954 0.000234301 1.07615e-05 2.65773e-05 
