43140.5

-688.171 -745.604 -1815.54 -1.19925 0.0764638 0.186196 

30887.7 -2287.73 -5563.73 -6.03889 -6.99035 -17.0267 
-2287.73 193.102 464.606 0.476564 0.515382 1.25493 
-5563.73 464.606 1130.87 1.15832 1.25318 3.0522 
-6.03889 0.476564 1.15832 0.00122402 0.00136298 0.00331969 
-6.99035 0.515382 1.25318 0.00136298 0.00158284 0.00385411 
-17.0267 1.25493 3.0522 0.00331969 0.00385411 0.00938821 
