60904.3

1656.33 -2.18599 -5.33902 -0.00467043 -0.558385 -1.35966 

1390.94 183.681 445.911 0.376567 -0.462038 -1.12266 
183.681 14606.8 35570.3 28.9096 -0.0748019 -0.176905 
445.911 35570.3 86627.2 70.4051 -0.181716 -0.429682 
0.376567 28.9096 70.4051 0.0572253 -0.000152365 -0.000360724 
-0.462038 -0.0748019 -0.181716 -0.000152365 0.000154596 0.000373223 
-1.12266 -0.176905 -0.429682 -0.000360724 0.000373223 0.000907826 
