58366.6

-676.869 743.355 1810.07 1.19707 0.0730193 0.177792 

65877.3 3456.27 8434.01 12.8993 -14.1937 -34.5661 
3456.27 261.148 631.6 0.790112 -0.726999 -1.77059 
8434.01 631.6 1540.72 1.92669 -1.77395 -4.32123 
12.8993 0.790112 1.92669 0.00269578 -0.00275263 -0.00670414 
-14.1937 -0.726999 -1.77395 -0.00275263 0.00306277 0.00745744 
-34.5661 -1.77059 -4.32123 -0.00670414 0.00745744 0.0181616 
