5075.36

-2376.13 0.18274 0.45564 0.00029583 0.40157 0.97782 

82.1583 65.0399 158.665 0.0921743 0.0105622 0.0259632 
65.0399 59.5943 140.462 0.0789258 0.00835788 0.0204549 
158.665 140.462 344.581 0.19251 0.020382 0.0499112 
0.0921743 0.0789258 0.19251 0.000109076 1.18235e-05 2.89946e-05 
0.0105622 0.00835788 0.020382 1.18235e-05 1.79164e-06 3.17454e-06 
0.0259632 0.0204549 0.0499112 2.89946e-05 3.17454e-06 8.30519e-06 
