32989.8

-688.452 -746.919 -1818.74 -1.20111 0.0767309 0.186846 

17603.4 -1371.92 -3335.56 -3.43085 -4.02048 -9.79354 
-1371.92 116.42 278.208 0.276735 0.312807 0.761608 
-3335.56 278.208 677.771 0.67239 0.760288 1.85188 
-3.43085 0.276735 0.67239 0.00068386 0.000782471 0.00190592 
-4.02048 0.312807 0.760288 0.000782471 0.000918831 0.0022369 
-9.79354 0.761608 1.85188 0.00190592 0.0022369 0.00544944 
