10150.7

1681.81 -0.365848 -0.89961 -0.000802103 -0.566901 -1.3804 

2.14225 12.8299 31.1929 0.0256267 -0.000423183 -0.000952159 
12.8299 419.095 1018.59 0.833908 -0.00666645 -0.0154681 
31.1929 1018.59 2482.61 2.03164 -0.016229 -0.0376231 
0.0256267 0.833908 2.03164 0.00166428 -1.3298e-05 -3.08865e-05 
-0.000423183 -0.00666645 -0.016229 -1.3298e-05 1.15975e-06 3.56078e-07 
-0.000952159 -0.0154681 -0.0376231 -3.08865e-05 3.56078e-07 1.77417e-06 
