48215.9

-679.361 745.127 1814.38 1.19938 0.0739635 0.180092 

45728.2 2378.03 5805.02 9.07955 -9.79182 -23.8466 
2378.03 162.532 391.452 0.52501 -0.500608 -1.21916 
5805.02 391.452 955.921 1.28079 -1.22187 -2.97653 
9.07955 0.52501 1.28079 0.00188327 -0.00193103 -0.00470319 
-9.79182 -0.500608 -1.22187 -0.00193103 0.00209939 0.0051114 
-23.8466 -1.21916 -2.97653 -0.00470319 0.0051114 0.0124485 
