50753.6

1664.28 -1.82973 -4.46995 -0.0039169 -0.561027 -1.36609 

681.547 126.852 307.804 0.259495 -0.227544 -0.552373 
126.852 10241.2 24938.7 20.3156 -0.0538996 -0.126936 
307.804 24938.7 60736.6 49.4763 -0.130906 -0.30822 
0.259495 20.3156 49.4763 0.0403064 -0.000109536 -0.000258224 
-0.227544 -0.0538996 -0.130906 -0.000109536 7.70808e-05 0.000184698 
-0.552373 -0.126936 -0.30822 -0.000258224 0.000184698 0.000449329 
