53291.2

-687.582 -743.948 -1811.5 -1.19693 0.0760631 0.185221 

47792.3 -3414.73 -8306.1 -9.32955 -10.7625 -26.2136 
-3414.73 296.193 715.264 0.736497 0.762578 1.8569 
-8306.1 715.264 1740.31 1.79054 1.85473 4.51709 
-9.32955 0.736497 1.79054 0.00192243 0.00209149 0.00509386 
-10.7625 0.762578 1.85473 0.00209149 0.00242504 0.00590524 
-26.2136 1.8569 4.51709 0.00509386 0.00590524 0.0143836 
