55828.9

-2365.06 1.73339 4.23648 0.00297319 0.399694 0.973252 

352.872 773.359 1882.35 1.10738 -0.0342345 -0.0823159 
773.359 6293.56 15323.6 8.91055 0.0786886 0.193915 
1882.35 15323.6 37323.7 21.7023 0.19185 0.472811 
1.10738 8.91055 21.7023 0.0126214 0.000109433 0.000269841 
-0.0342345 0.0786886 0.19185 0.000109433 8.98289e-06 2.05581e-05 
-0.0823159 0.193915 0.472811 0.000269841 2.05581e-05 5.0327e-05 
