30452.1

1970.18 0.170941 8.67362e-17 -1.49172 1.63064e-16 18.8493 

12.4504 0.00576992 -5.50647e-14 2.66858e-13 1.17313e-13 -0.338467 
0.00576992 2.94493e-06 -7.06072e-18 1.72492e-16 3.49523e-17 -0.000160722 
-5.50647e-14 -7.06072e-18 9.91354e-07 -1.64501e-16 -1.45252e-07 -2.19476e-07 
2.66858e-13 1.72492e-16 -1.64501e-16 1.16673e-06 1.81827e-16 2.66804e-13 
1.17313e-13 3.49523e-17 -1.45252e-07 1.81827e-16 9.18581e-07 -8.49718e-07 
-0.338467 -0.000160722 -2.19476e-07 2.66804e-13 -8.49718e-07 0.00926043 
