22839.1

1970.18 0.170941 1.38778e-17 -1.49172 1.04083e-16 14.4724 

12.4504 0.00576992 1.00148e-13 5.54461e-14 -1.64852e-14 -0.153997 
0.00576992 2.94493e-06 -1.39349e-17 9.59443e-17 2.34051e-17 -7.27383e-05 
1.00148e-13 -1.39349e-17 9.91354e-07 -8.65148e-17 -1.45252e-07 1.88965e-06 
5.54461e-14 9.59443e-17 -8.65148e-17 1.16673e-06 1.50271e-16 3.23784e-13 
-1.64852e-14 2.34051e-17 -1.45252e-07 1.50271e-16 9.18581e-07 -8.49718e-07 
-0.153997 -7.27383e-05 1.88965e-06 3.23784e-13 -8.49718e-07 0.00191605 
