7613.03

1970.18 0.170941 2.77556e-17 -1.49172 0 4.37698 

12.4504 0.00576992 7.41108e-14 -6.66862e-14 2.06855e-14 -0.0658765 
0.00576992 2.94493e-06 -3.87375e-18 -1.07127e-17 5.91575e-18 -3.16696e-05 
7.41108e-14 -3.87375e-18 9.91354e-07 9.27527e-17 -1.45252e-07 1.89008e-06 
-6.66862e-14 -1.07127e-17 9.27527e-17 1.16673e-06 -4.49245e-17 1.89057e-14 
2.06855e-14 5.91575e-18 -1.45252e-07 -4.49245e-17 9.18581e-07 -8.49718e-07 
-0.0658765 -3.16696e-05 1.89008e-06 1.89057e-14 -8.49718e-07 0.000357424 
