3172.1

1970.18 0.170941 0 -1.49172 -1.38778e-17 2.25145 

12.4504 0.00576992 4.5644e-14 -1.86173e-15 2.43161e-15 -0.0117395 
0.00576992 2.94493e-06 -4.15585e-20 1.07108e-17 1.46704e-17 -5.26394e-06 
4.5644e-14 -4.15585e-20 9.91354e-07 1.12711e-17 -1.45252e-07 2.30358e-06 
-1.86173e-15 1.07108e-17 1.12711e-17 1.16673e-06 3.31816e-17 1.98185e-15 
2.43161e-15 1.46704e-17 -1.45252e-07 3.31816e-17 9.18581e-07 -8.49718e-07 
-0.0117395 -5.26394e-06 2.30358e-06 1.98185e-15 -8.49718e-07 1.6905e-05 
