5709.78

1970.18 0.170941 2.77556e-17 -1.49172 1.38778e-17 3.42538 

12.4504 0.00576992 8.06051e-14 -2.60618e-14 4.07396e-14 -0.0353979 
0.00576992 2.94493e-06 -1.38235e-18 -1.36567e-17 1.27883e-17 -1.69175e-05 
8.06051e-14 -1.38235e-18 9.91354e-07 6.04412e-17 -1.45252e-07 2.73243e-06 
-2.60618e-14 -1.36567e-17 6.04412e-17 1.16673e-06 4.09832e-19 7.8481e-15 
4.07396e-14 1.27883e-17 -1.45252e-07 4.09832e-19 9.18581e-07 -8.49718e-07 
-0.0353979 -1.69175e-05 2.73243e-06 7.8481e-15 -8.49718e-07 0.000109427 
