26645.6

1970.18 0.170941 6.93889e-17 -1.49172 1.59595e-16 16.2853 

12.4504 0.00576992 -3.44206e-14 1.31774e-13 7.08848e-14 -0.164578 
0.00576992 2.94493e-06 -1.36877e-17 1.61083e-16 3.65948e-17 -7.83646e-05 
-3.44206e-14 -1.36877e-17 9.91354e-07 -2.11262e-16 -1.45252e-07 2.57716e-06 
1.31774e-13 1.61083e-16 -2.11262e-16 1.16673e-06 1.69684e-16 2.93911e-13 
7.08848e-14 3.65948e-17 -1.45252e-07 1.69684e-16 9.18581e-07 -8.49718e-07 
-0.164578 -7.83646e-05 2.57716e-06 2.93911e-13 -8.49718e-07 0.00219902 
