2537.68

1970.18 0.170941 1.38778e-17 -1.49172 -1.38778e-17 1.90629 

12.4504 0.00576992 1.45718e-14 -1.18478e-15 9.77261e-15 -0.0074137 
0.00576992 2.94493e-06 1.04815e-18 -1.08034e-17 1.2046e-17 -3.1328e-06 
1.45718e-14 1.04815e-18 9.91354e-07 -1.40572e-17 -1.45252e-07 1.89018e-06 
-1.18478e-15 -1.08034e-17 -1.40572e-17 1.16673e-06 1.24674e-17 2.0102e-15 
9.77261e-15 1.2046e-17 -1.45252e-07 1.24674e-17 9.18581e-07 -8.49718e-07 
-0.0074137 -3.1328e-06 1.89018e-06 2.0102e-15 -8.49718e-07 8.81749e-06 
