27280

1970.18 0.170941 8.32667e-17 -1.49172 1.9082e-16 16.5986 

12.4504 0.00576992 -7.66125e-15 1.18262e-13 7.99189e-14 -0.18489 
0.00576992 2.94493e-06 -1.69245e-17 1.38233e-16 4.56397e-17 -8.81065e-05 
-7.66125e-15 -1.69245e-17 9.91354e-07 -1.74754e-16 -1.45252e-07 2.30292e-06 
1.18262e-13 1.38233e-16 -1.74754e-16 1.16673e-06 1.87083e-16 3.48991e-13 
7.99189e-14 4.56397e-17 -1.45252e-07 1.87083e-16 9.18581e-07 -8.49718e-07 
-0.18489 -8.81065e-05 2.30292e-06 3.48991e-13 -8.49718e-07 0.00277342 
