14591.7

1970.18 0.170941 -1.11022e-16 -1.49172 1.11022e-16 9.14109 

12.4504 0.00576992 1.76693e-13 2.18596e-13 5.14213e-14 -0.0795994 
0.00576992 2.94493e-06 1.454e-17 1.07538e-16 2.33514e-17 -3.76898e-05 
1.76693e-13 1.454e-17 9.91354e-07 -3.78768e-17 -1.45252e-07 2.73232e-06 
2.18596e-13 1.07538e-16 -3.78768e-17 1.16673e-06 1.24288e-18 7.98644e-14 
5.14213e-14 2.33514e-17 -1.45252e-07 1.24288e-18 9.18581e-07 -8.49718e-07 
-0.0795994 -3.76898e-05 2.73232e-06 7.98644e-14 -8.49718e-07 0.000519105 
