9516.29

1970.18 0.170941 9.02056e-17 -1.49172 2.08167e-17 5.72859 

12.4504 0.00576992 1.48412e-13 -2.05211e-13 -8.75231e-15 -0.107914 
0.00576992 2.94493e-06 -1.00682e-18 -4.86617e-17 2.61086e-18 -5.14823e-05 
1.48412e-13 -1.00682e-18 9.91354e-07 9.95647e-18 -1.45252e-07 4.1493e-08 
-2.05211e-13 -4.86617e-17 9.95647e-18 1.16673e-06 -2.05856e-17 4.88663e-14 
-8.75231e-15 2.61086e-18 -1.45252e-07 -2.05856e-17 9.18581e-07 -8.49718e-07 
-0.107914 -5.14823e-05 4.1493e-08 4.88663e-14 -8.49718e-07 0.00094435 
