13322.8

1970.18 0.170941 -2.77556e-17 -1.49172 4.85723e-17 8.5346 

12.4504 0.00576992 1.77882e-13 2.34141e-13 -2.43428e-14 -0.0772788 
0.00576992 2.94493e-06 9.63997e-18 1.10635e-16 1.92401e-17 -3.63857e-05 
1.77882e-13 9.63997e-18 9.91354e-07 -5.9467e-17 -1.45252e-07 2.30342e-06 
2.34141e-13 1.10635e-16 -5.9467e-17 1.16673e-06 -6.66755e-18 7.24255e-14 
-2.43428e-14 1.92401e-17 -1.45252e-07 -6.66755e-18 9.18581e-07 -8.49718e-07 
-0.0772788 -3.63857e-05 2.30342e-06 7.24255e-14 -8.49718e-07 0.000486611 
