634.42

1970.18 0.170941 -1.38778e-17 -1.49172 0 0.554585 

12.4504 0.00576992 1.24248e-23 -1.29092e-16 3.75866e-25 -3.21188e-05 
0.00576992 2.94493e-06 4.32093e-28 -3.21485e-21 -8.43454e-29 2.2336e-07 
1.24248e-23 4.32093e-28 9.91354e-07 -1.97375e-27 -1.45252e-07 4.1615e-08 
-1.29092e-16 -3.21485e-21 -1.97375e-27 1.16673e-06 1.95689e-27 1.1203e-16 
3.75866e-25 -8.43454e-29 -1.45252e-07 1.95689e-27 9.18581e-07 -8.49718e-07 
-3.21188e-05 2.2336e-07 4.1615e-08 1.1203e-16 -8.49718e-07 1.20983e-06 
