12688.4

1970.18 0.170941 4.16334e-17 -1.49172 4.16334e-17 8.1894 

12.4504 0.00576992 1.32624e-13 2.51462e-13 -6.80908e-15 -0.080704 
0.00576992 2.94493e-06 8.04551e-18 1.38124e-16 1.76356e-17 -3.79352e-05 
1.32624e-13 8.04551e-18 9.91354e-07 -8.88214e-17 -1.45252e-07 1.88999e-06 
2.51462e-13 1.38124e-16 -8.88214e-17 1.16673e-06 -5.01957e-18 4.8806e-14 
-6.80908e-15 1.76356e-17 -1.45252e-07 -5.01957e-18 9.18581e-07 -8.49718e-07 
-0.080704 -3.79352e-05 1.88999e-06 4.8806e-14 -8.49718e-07 0.000528263 
