15860.5

1970.18 0.170941 -1.11022e-16 -1.49172 9.02056e-17 9.70866 

12.4504 0.00576992 1.60279e-13 1.83495e-13 -1.79581e-14 -0.0928978 
0.00576992 2.94493e-06 8.89865e-18 1.04898e-16 2.11681e-17 -4.42217e-05 
1.60279e-13 8.89865e-18 9.91354e-07 -9.58152e-17 -1.45252e-07 2.73227e-06 
1.83495e-13 1.04898e-16 -9.58152e-17 1.16673e-06 9.13323e-17 6.40416e-14 
-1.79581e-14 2.11681e-17 -1.45252e-07 9.13323e-17 9.18581e-07 -8.49718e-07 
-0.0928978 -4.42217e-05 2.73227e-06 6.40416e-14 -8.49718e-07 0.00070604 
