11419.6

1970.18 0.170941 3.90313e-17 -1.49172 3.46945e-17 7.34905 

12.4504 0.00576992 1.54431e-13 1.42965e-13 -4.08094e-15 -0.0976846 
0.00576992 2.94493e-06 3.86292e-18 1.0507e-16 1.22062e-17 -4.60012e-05 
1.54431e-13 3.86292e-18 9.91354e-07 -5.77976e-17 -1.45252e-07 6.54035e-07 
1.42965e-13 1.0507e-16 -5.77976e-17 1.16673e-06 -4.00491e-17 7.32056e-14 
-4.08094e-15 1.22062e-17 -1.45252e-07 -4.00491e-17 9.18581e-07 -8.49718e-07 
-0.0976846 -4.60012e-05 6.54035e-07 7.32056e-14 -8.49718e-07 0.000769654 
