19032.6

1970.18 0.170941 -5.55112e-17 -1.49172 4.85723e-17 11.5007 

12.4504 0.00576992 6.25469e-14 -1.47488e-13 4.38338e-14 -0.191706 
0.00576992 2.94493e-06 6.53406e-18 -2.94983e-17 1.69849e-17 -9.14176e-05 
6.25469e-14 6.53406e-18 9.91354e-07 -7.56832e-17 -1.45252e-07 6.53664e-07 
-1.47488e-13 -2.94983e-17 -7.56832e-17 1.16673e-06 8.49101e-17 1.49113e-13 
4.38338e-14 1.69849e-17 -1.45252e-07 8.49101e-17 9.18581e-07 -8.49718e-07 
-0.191706 -9.14176e-05 6.53664e-07 1.49113e-13 -8.49718e-07 0.0029776 
