29183.3

1970.18 0.170941 6.93889e-17 -1.49172 1.70003e-16 17.7843 

12.4504 0.00576992 -7.96404e-14 9.20166e-14 1.75163e-13 -0.288182 
0.00576992 2.94493e-06 -1.31567e-17 1.05718e-16 4.33554e-17 -0.000137229 
-7.96404e-14 -1.31567e-17 9.91354e-07 -2.24714e-16 -1.45252e-07 6.53037e-07 
9.20166e-14 1.05718e-16 -2.24714e-16 1.16673e-06 1.89376e-16 4.63852e-13 
1.75163e-13 4.33554e-17 -1.45252e-07 1.89376e-16 9.18581e-07 -8.49718e-07 
-0.288182 -0.000137229 6.53037e-07 4.63852e-13 -8.49718e-07 0.00672244 
