24107.9

1970.18 0.170941 2.77556e-17 -1.49172 1.17961e-16 15.1309 

12.4504 0.00576992 6.26487e-14 -3.34412e-14 9.33361e-15 -0.13743 
0.00576992 2.94493e-06 -7.51225e-18 5.38705e-17 2.5441e-17 -6.50454e-05 
6.26487e-14 -7.51225e-18 9.91354e-07 -1.13293e-16 -1.45252e-07 2.57732e-06 
-3.34412e-14 5.38705e-17 -1.13293e-16 1.16673e-06 1.70549e-16 3.04067e-13 
9.33361e-15 2.5441e-17 -1.45252e-07 1.70549e-16 9.18581e-07 -8.49718e-07 
-0.13743 -6.50454e-05 2.57732e-06 3.04067e-13 -8.49718e-07 0.00153102 
