26011.2

1970.18 0.170941 9.71445e-17 -1.49172 1.31839e-16 15.992 

12.4504 0.00576992 -7.50242e-15 -2.22235e-14 4.64598e-14 -0.150395 
0.00576992 2.94493e-06 -1.4135e-17 9.00969e-17 2.90711e-17 -7.15245e-05 
-7.50242e-15 -1.4135e-17 9.91354e-07 -2.1312e-16 -1.45252e-07 2.7321e-06 
-2.22235e-14 9.00969e-17 -2.1312e-16 1.16673e-06 1.66842e-16 2.61426e-13 
4.64598e-14 2.90711e-17 -1.45252e-07 1.66842e-16 9.18581e-07 -8.49718e-07 
-0.150395 -7.15245e-05 2.7321e-06 2.61426e-13 -8.49718e-07 0.0018371 
