10150.7

1970.18 0.170941 6.91721e-17 -1.49172 6.93889e-18 6.28309 

12.4504 0.00576992 1.70476e-13 -4.90411e-14 -2.40035e-14 -0.11283 
0.00576992 2.94493e-06 2.53156e-18 2.43492e-17 1.11491e-17 -5.3578e-05 
1.70476e-13 2.53156e-18 9.91354e-07 -2.92428e-17 -1.45252e-07 -2.19005e-07 
-4.90411e-14 2.43492e-17 -2.92428e-17 1.16673e-06 -3.8907e-17 3.75487e-14 
-2.40035e-14 1.11491e-17 -1.45252e-07 -3.8907e-17 9.18581e-07 -8.49718e-07 
-0.11283 -5.3578e-05 -2.19005e-07 3.75487e-14 -8.49718e-07 0.0010298 
