16494.9

1970.18 0.170941 -5.55112e-17 -1.49172 1.11022e-16 10.002 

12.4504 0.00576992 1.38548e-13 2.33554e-13 -5.77938e-15 -0.104175 
0.00576992 2.94493e-06 1.21476e-17 1.27445e-16 2.59832e-17 -4.96821e-05 
1.38548e-13 1.21476e-17 9.91354e-07 -5.53686e-17 -1.45252e-07 2.57739e-06 
2.33554e-13 1.27445e-16 -5.53686e-17 1.16673e-06 8.34544e-17 6.8882e-14 
-5.77938e-15 2.59832e-17 -1.45252e-07 8.34544e-17 9.18581e-07 -8.49718e-07 
-0.104175 -4.96821e-05 2.57739e-06 6.8882e-14 -8.49718e-07 0.000885973 
