23473.5

1970.18 0.170941 2.77556e-17 -1.49172 1.04083e-16 14.8177 

12.4504 0.00576992 1.05296e-13 9.73708e-14 -1.24049e-14 -0.142818 
0.00576992 2.94493e-06 -1.21479e-17 1.07161e-16 2.5125e-17 -6.75069e-05 
1.05296e-13 -1.21479e-17 9.91354e-07 -1.22711e-16 -1.45252e-07 2.30318e-06 
9.73708e-14 1.07161e-16 -1.22711e-16 1.16673e-06 1.38912e-16 3.38558e-13 
-1.24049e-14 2.5125e-17 -1.45252e-07 1.38912e-16 9.18581e-07 -8.49718e-07 
-0.142818 -6.75069e-05 2.30318e-06 3.38558e-13 -8.49718e-07 0.00165066 
