25376.8

1970.18 0.170941 6.93889e-17 -1.49172 1.17961e-16 15.7081 

12.4504 0.00576992 -1.38177e-14 3.49575e-14 2.51836e-14 -0.141403 
0.00576992 2.94493e-06 -8.52789e-18 1.1032e-16 2.98086e-17 -6.71458e-05 
-1.38177e-14 -8.52789e-18 9.91354e-07 -1.75033e-16 -1.45252e-07 2.78211e-06 
3.49575e-14 1.1032e-16 -1.75033e-16 1.16673e-06 1.39654e-16 2.40623e-13 
2.51836e-14 2.98086e-17 -1.45252e-07 1.39654e-16 9.18581e-07 -8.49718e-07 
-0.141403 -6.71458e-05 2.78211e-06 2.40623e-13 -8.49718e-07 0.00162391 
