17129.3

1970.18 0.170941 -1.11022e-16 -1.49172 1.38778e-16 10.3152 

12.4504 0.00576992 1.16859e-13 1.76092e-13 -2.83761e-14 -0.119344 
0.00576992 2.94493e-06 1.00216e-17 1.02695e-16 2.29766e-17 -5.69819e-05 
1.16859e-13 1.00216e-17 9.91354e-07 -9.31406e-17 -1.45252e-07 2.30324e-06 
1.76092e-13 1.02695e-16 -9.31406e-17 1.16673e-06 6.00034e-17 8.04829e-14 
-2.83761e-14 2.29766e-17 -1.45252e-07 6.00034e-17 9.18581e-07 -8.49718e-07 
-0.119344 -5.69819e-05 2.30324e-06 8.04829e-14 -8.49718e-07 0.00116008 
