21570.3

1970.18 0.170941 4.81386e-17 -1.49172 8.32667e-17 13.6319 

12.4504 0.00576992 4.55182e-14 4.88241e-14 -2.08146e-14 -0.194152 
0.00576992 2.94493e-06 -8.26745e-18 7.39752e-17 1.88937e-17 -9.18091e-05 
4.55182e-14 -8.26745e-18 9.91354e-07 -9.98485e-17 -1.45252e-07 6.53568e-07 
4.88241e-14 7.39752e-17 -9.98485e-17 1.16673e-06 1.38625e-16 3.76662e-13 
-2.08146e-14 1.88937e-17 -1.45252e-07 1.38625e-16 9.18581e-07 -8.49718e-07 
-0.194152 -9.18091e-05 6.53568e-07 3.76662e-13 -8.49718e-07 0.00304173 
