1268.84

1970.18 0.170941 5.9089e-18 -1.49172 0 1.06602 

12.4504 0.00576992 -1.19852e-14 -1.25733e-16 4.46404e-15 -0.00122275 
0.00576992 2.94493e-06 2.30169e-19 4.71975e-18 1.99727e-17 -1.95602e-07 
-1.19852e-14 2.30169e-19 9.91354e-07 7.58372e-19 -1.45252e-07 6.54299e-07 
-1.25733e-16 4.71975e-18 7.58372e-19 1.16673e-06 -2.89672e-17 6.47824e-16 
4.46404e-15 1.99727e-17 -1.45252e-07 -2.89672e-17 9.18581e-07 -8.49718e-07 
-0.00122275 -1.95602e-07 6.54299e-07 6.47824e-16 -8.49718e-07 1.85737e-06 
