29817.7

1970.18 0.170941 5.89806e-17 -1.49172 1.83881e-16 18.2954 

12.4504 0.00576992 -8.30791e-14 1.24249e-13 1.55912e-13 -0.323807 
0.00576992 2.94493e-06 -7.76828e-18 1.30728e-16 3.92194e-17 -0.000153999 
-8.30791e-14 -7.76828e-18 9.91354e-07 -2.01683e-16 -1.45252e-07 4.06569e-08 
1.24249e-13 1.30728e-16 -2.01683e-16 1.16673e-06 1.86551e-16 7.56824e-13 
1.55912e-13 3.92194e-17 -1.45252e-07 1.86551e-16 9.18581e-07 -8.49718e-07 
-0.323807 -0.000153999 4.06569e-08 7.56824e-13 -8.49718e-07 0.00848131 
