28548.9

1970.18 0.170941 8.32667e-17 -1.49172 1.70003e-16 17.335 

12.4504 0.00576992 -7.27221e-14 1.36346e-13 1.32756e-13 -0.2478 
0.00576992 2.94493e-06 -1.73789e-17 1.36253e-16 3.98318e-17 -0.000118093 
-7.27221e-14 -1.73789e-17 9.91354e-07 -2.4429e-16 -1.45252e-07 1.32538e-06 
1.36346e-13 1.36253e-16 -2.4429e-16 1.16673e-06 1.72558e-16 4.59304e-13 
1.32756e-13 3.98318e-17 -1.45252e-07 1.72558e-16 9.18581e-07 -8.49718e-07 
-0.2478 -0.000118093 1.32538e-06 4.59304e-13 -8.49718e-07 0.00497412 
