20301.4

1970.18 0.170941 -1.78893e-17 -1.49172 8.67362e-17 12.5662 

12.4504 0.00576992 -3.45303e-15 7.71626e-14 -6.3916e-15 -0.225657 
0.00576992 2.94493e-06 1.94139e-18 6.45278e-17 1.70276e-17 -0.000107154 
-3.45303e-15 1.94139e-18 9.91354e-07 -7.23492e-17 -1.45252e-07 -2.19297e-07 
7.71626e-14 6.45278e-17 -7.23492e-17 1.16673e-06 1.09641e-16 3.93052e-13 
-6.3916e-15 1.70276e-17 -1.45252e-07 1.09641e-16 9.18581e-07 -8.49718e-07 
-0.225657 -0.000107154 -2.19297e-07 3.93052e-13 -8.49718e-07 0.00411605 
