13957.2

1970.18 0.170941 -5.55112e-17 -1.49172 5.55112e-17 8.8478 

12.4504 0.00576992 1.92115e-13 1.30891e-13 1.80744e-14 -0.0770315 
0.00576992 2.94493e-06 1.44054e-17 9.16828e-17 1.80889e-17 -3.6365e-05 
1.92115e-13 1.44054e-17 9.91354e-07 -3.48624e-17 -1.45252e-07 2.5775e-06 
1.30891e-13 9.16828e-17 -3.48624e-17 1.16673e-06 -3.42728e-17 6.63748e-14 
1.80744e-14 1.80889e-17 -1.45252e-07 -3.42728e-17 9.18581e-07 -8.49718e-07 
-0.0770315 -3.6365e-05 2.5775e-06 6.63748e-14 -8.49718e-07 0.000485269 
