15226.1

1970.18 0.170941 -8.32667e-17 -1.49172 1.11022e-16 9.42487 

12.4504 0.00576992 1.6799e-13 1.53083e-13 1.39172e-14 -0.0848436 
0.00576992 2.94493e-06 8.26025e-18 6.82228e-17 2.12477e-17 -4.02886e-05 
1.6799e-13 8.26025e-18 9.91354e-07 -9.5058e-17 -1.45252e-07 2.78226e-06 
1.53083e-13 6.82228e-17 -9.5058e-17 1.16673e-06 4.43306e-17 7.51624e-14 
1.39172e-14 2.12477e-17 -1.45252e-07 4.43306e-17 9.18581e-07 -8.49718e-07 
-0.0848436 -4.02886e-05 2.78226e-06 7.51624e-14 -8.49718e-07 0.000589741 
