19667

1970.18 0.170941 -5.55112e-17 -1.49172 8.32667e-17 12.0119 

12.4504 0.00576992 3.5339e-14 -5.55684e-14 2.1374e-14 -0.215862 
0.00576992 2.94493e-06 5.5587e-18 1.14321e-18 1.84167e-17 -0.000102742 
3.5339e-14 5.5587e-18 9.91354e-07 -7.35373e-17 -1.45252e-07 4.10875e-08 
-5.55684e-14 1.14321e-18 -7.35373e-17 1.16673e-06 1.10595e-16 1.55773e-13 
2.1374e-14 1.84167e-17 -1.45252e-07 1.10595e-16 9.18581e-07 -8.49718e-07 
-0.215862 -0.000102742 4.10875e-08 1.55773e-13 -8.49718e-07 0.0037708 
