27914.5

1970.18 0.170941 9.71445e-17 -1.49172 1.80411e-16 16.944 

12.4504 0.00576992 -4.73834e-14 1.91718e-13 9.94303e-14 -0.212476 
0.00576992 2.94493e-06 -1.67e-17 1.42486e-16 4.20187e-17 -0.000101283 
-4.73834e-14 -1.67e-17 9.91354e-07 -1.94909e-16 -1.45252e-07 1.88928e-06 
1.91718e-13 1.42486e-16 -1.94909e-16 1.16673e-06 1.77982e-16 4.08736e-13 
9.94303e-14 4.20187e-17 -1.45252e-07 1.77982e-16 9.18581e-07 -8.49718e-07 
-0.212476 -0.000101283 1.88928e-06 4.08736e-13 -8.49718e-07 0.0036599 
