8247.45

1970.18 0.170941 8.32667e-17 -1.49172 2.77556e-17 4.76786 

12.4504 0.00576992 9.33e-14 -9.16973e-14 2.47381e-14 -0.0800593 
0.00576992 2.94493e-06 -3.45996e-18 -1.33452e-17 5.77697e-18 -3.84405e-05 
9.33e-14 -3.45996e-18 9.91354e-07 9.79971e-17 -1.45252e-07 1.32643e-06 
-9.16973e-14 -1.33452e-17 9.79971e-17 1.16673e-06 -3.36287e-17 2.54681e-14 
2.47381e-14 5.77697e-18 -1.45252e-07 -3.36287e-17 9.18581e-07 -8.49718e-07 
-0.0800593 -3.84405e-05 1.32643e-06 2.54681e-14 -8.49718e-07 0.000523792 
