3806.52

1970.18 0.170941 5.55112e-17 -1.49172 -3.46945e-17 2.56461 

12.4504 0.00576992 4.2541e-14 -2.5806e-15 3.46124e-14 -0.0166304 
0.00576992 2.94493e-06 1.75279e-18 -1.40642e-17 1.1993e-17 -7.68313e-06 
4.2541e-14 1.75279e-18 9.91354e-07 3.48985e-17 -1.45252e-07 2.57763e-06 
-2.5806e-15 -1.40642e-17 3.48985e-17 1.16673e-06 -1.12704e-17 2.87071e-15 
3.46124e-14 1.1993e-17 -1.45252e-07 -1.12704e-17 9.18581e-07 -8.49718e-07 
-0.0166304 -7.68313e-06 2.57763e-06 2.87071e-15 -8.49718e-07 2.92307e-05 
