22204.7

1970.18 0.170941 2.42861e-17 -1.49172 1.11022e-16 14.0814 

12.4504 0.00576992 6.72305e-14 9.94913e-15 -2.03037e-14 -0.171519 
0.00576992 2.94493e-06 -8.60537e-18 7.79172e-17 1.80732e-17 -8.10229e-05 
6.72305e-14 -8.60537e-18 9.91354e-07 -8.91994e-17 -1.45252e-07 1.32588e-06 
9.94913e-15 7.79172e-17 -8.91994e-17 1.16673e-06 1.63285e-16 3.28443e-13 
-2.03037e-14 1.80732e-17 -1.45252e-07 1.63285e-16 9.18581e-07 -8.49718e-07 
-0.171519 -8.10229e-05 1.32588e-06 3.28443e-13 -8.49718e-07 0.00237432 
