6978.62

1970.18 0.170941 2.77556e-17 -1.49172 -6.93889e-18 4.03181 

12.4504 0.00576992 1.18312e-13 -4.11774e-14 3.21732e-14 -0.0538002 
0.00576992 2.94493e-06 -6.57023e-18 -1.3934e-17 8.54916e-18 -2.58581e-05 
1.18312e-13 -6.57023e-18 9.91354e-07 7.39418e-17 -1.45252e-07 2.30351e-06 
-4.11774e-14 -1.3934e-17 7.39418e-17 1.16673e-06 -1.04897e-17 1.62428e-14 
3.21732e-14 8.54916e-18 -1.45252e-07 -1.04897e-17 9.18581e-07 -8.49718e-07 
-0.0538002 -2.58581e-05 2.30351e-06 1.62428e-14 -8.49718e-07 0.00024136 
