8881.87

1970.18 0.170941 9.71445e-17 -1.49172 6.245e-17 5.21723 

12.4504 0.00576992 1.12995e-13 -1.4589e-13 -2.14429e-14 -0.0952375 
0.00576992 2.94493e-06 1.00342e-18 -3.09618e-17 4.53498e-18 -4.56092e-05 
1.12995e-13 1.00342e-18 9.91354e-07 4.59141e-17 -1.45252e-07 6.54163e-07 
-1.4589e-13 -3.09618e-17 4.59141e-17 1.16673e-06 -3.73199e-17 3.12031e-14 
-2.14429e-14 4.53498e-18 -1.45252e-07 -3.73199e-17 9.18581e-07 -8.49718e-07 
-0.0952375 -4.56092e-05 6.54163e-07 3.12031e-14 -8.49718e-07 0.000737746 
