6344.2

1970.18 0.170941 2.77556e-17 -1.49172 -2.77556e-17 3.71864 

12.4504 0.00576992 1.36083e-13 -2.1961e-14 3.00706e-14 -0.0437711 
0.00576992 2.94493e-06 -3.07146e-18 -3.42439e-19 1.19103e-17 -2.0999e-05 
1.36083e-13 -3.07146e-18 9.91354e-07 5.62406e-17 -1.45252e-07 2.57759e-06 
-2.1961e-14 -3.42439e-19 5.62406e-17 1.16673e-06 -2.36574e-17 1.20067e-14 
3.00706e-14 1.19103e-17 -1.45252e-07 -2.36574e-17 9.18581e-07 -8.49718e-07 
-0.0437711 -2.0999e-05 2.57759e-06 1.20067e-14 -8.49718e-07 0.00016278 
