24742.4

1970.18 0.170941 4.16334e-17 -1.49172 1.04083e-16 15.4243 

12.4504 0.00576992 3.23774e-14 -9.39335e-14 2.83225e-14 -0.137095 
0.00576992 2.94493e-06 -6.73464e-18 3.81396e-17 3.16443e-17 -6.49915e-05 
3.23774e-14 -6.73464e-18 9.91354e-07 -1.36925e-16 -1.45252e-07 2.73217e-06 
-9.39335e-14 3.81396e-17 -1.36925e-16 1.16673e-06 1.57585e-16 3.06489e-13 
2.83225e-14 3.16443e-17 -1.45252e-07 1.57585e-16 9.18581e-07 -8.49718e-07 
-0.137095 -6.49915e-05 2.73217e-06 3.06489e-13 -8.49718e-07 0.00152547 
