23473.5

1970.12 0.170917 4.98479e-06 -1.49173 1.08379e-07 14.8183 

12.2934 0.00568982 2.89935e-05 -2.27671e-05 -1.6903e-05 -0.140947 
0.00568982 2.905e-06 1.12395e-08 -8.59252e-09 -8.12062e-09 -6.65625e-05 
2.89935e-05 1.12395e-08 9.89213e-07 4.4696e-09 -1.62574e-07 1.9881e-06 
-2.27671e-05 -8.59252e-09 4.4696e-09 1.18704e-06 1.02385e-08 2.59667e-07 
-1.6903e-05 -8.12062e-09 -1.62574e-07 1.02385e-08 9.31246e-07 -6.94324e-07 
-0.140947 -6.65625e-05 1.9881e-06 2.59667e-07 -6.94324e-07 0.00162828 
