16297.1

-139.067 -616.77 -7049.91 7.50288 -0.00631122 -0.0721396 

6042.73 14.5837 166.697 0.241487 0.542495 6.20091 
14.5837 0.947846 0.86633 0.00118279 0.00130677 0.0150771 
166.697 0.86633 10.7745 0.0135197 0.0150771 0.172324 
0.241487 0.00118279 0.0135197 1.75587e-05 2.18056e-05 0.000249246 
0.542495 0.00130677 0.0150771 2.18056e-05 4.98848e-05 0.000557092 
6.20091 0.0150771 0.172324 0.000249246 0.000557092 0.00636891 
