32594.2

-7146.38 -0.250416 -2.86233 0.0033605 -0.64729 -7.39876 

412.154 -170.532 -1949.24 2.09025 -0.034337 -0.392484 
-170.532 278.078 3166.65 -3.27651 0.0099387 0.113625 
-1949.24 3166.65 36197 -37.4517 0.113625 1.29878 
2.09025 -3.27651 -37.4517 0.0390776 -0.00012411 -0.00141862 
-0.034337 0.0099387 0.113625 -0.00012411 3.95298e-06 3.41912e-05 
-0.392484 0.113625 1.29878 -0.00141862 3.41912e-05 0.00039178 
