28149.5

-137.973 -616.681 -7048.89 7.50165 -0.00620001 -0.0708684 

22386.8 39.8725 455.758 0.794295 2.02132 23.1044 
39.8725 1.67105 9.13736 0.0108171 0.00373388 0.0428144 
455.758 9.13736 105.315 0.123644 0.0428144 0.489372 
0.794295 0.0108171 0.123644 0.000150999 7.35938e-05 0.000841205 
2.02132 0.00373388 0.0428144 7.35938e-05 0.000184516 0.00209597 
23.1044 0.0428144 0.489372 0.000841205 0.00209597 0.0239589 
