1481.56

-141.613 616.803 7050.28 -7.50327 -0.00655183 -0.0748898 

12.4555 0.852525 9.74467 0.00629171 0.00154691 0.0176818 
0.852525 0.940784 0.783876 0.000518632 0.000138979 0.00144707 
9.74467 0.783876 9.83219 0.00592815 0.00144707 0.0165529 
0.00629171 0.000518632 0.00592815 3.99591e-06 8.59223e-07 9.82124e-06 
0.00154691 0.000138979 0.00144707 8.59223e-07 1.35923e-06 2.42939e-06 
0.0176818 0.00144707 0.0165529 9.82124e-06 2.42939e-06 2.89155e-05 
