31112.7

-144.592 616.64 7048.42 -7.501 -0.006842 -0.0782065 

28417.6 135.517 1549.01 0.186391 2.63294 30.0954 
135.517 3.30932 27.8639 0.0223504 0.0130758 0.149311 
1549.01 27.8639 319.366 0.255474 0.149311 1.70669 
0.186391 0.0223504 0.255474 0.000262346 2.20262e-05 0.000251768 
2.63294 0.0130758 0.149311 2.20262e-05 0.000247115 0.0028115 
30.0954 0.149311 1.70669 0.000251768 0.0028115 0.0321376 
