8889.33

-7148.51 -0.111282 -1.272 0.00137648 -0.647523 -7.40143 

24.414 -16.6343 -190.136 0.20043 -0.00158979 -0.0181718 
-16.6343 12.8487 134.969 -0.141697 0.00107093 0.0122418 
-190.136 134.969 1543.79 -1.61965 0.0122418 0.139929 
0.20043 -0.141697 -1.61965 0.00170157 -1.29079e-05 -0.000147542 
-0.00158979 0.00107093 0.0122418 -1.29079e-05 1.0578e-06 1.10801e-06 
-0.0181718 0.0122418 0.139929 -0.000147542 1.10801e-06 1.36258e-05 
