10370.9

-139.906 -616.79 -7050.14 7.50312 -0.00639088 -0.0730501 

2534.07 9.92421 113.437 0.123942 0.224245 2.5632 
9.92421 0.924023 0.592993 0.000720012 0.000866691 0.0100477 
113.437 0.592993 7.65026 0.00823 0.0100477 0.114836 
0.123942 0.000720012 0.00823 8.9474e-06 1.09773e-05 0.000125474 
0.224245 0.000866691 0.0100477 1.09773e-05 2.0989e-05 0.000226804 
2.5632 0.0100477 0.114836 0.000125474 0.000226804 0.0025936 
