34075.8

-139.074 -616.559 -7047.5 7.49972 -0.00628224 -0.0718084 

46652 106.174 1213.6 1.80651 4.19902 47.9963 
106.174 3.98311 35.5711 0.041034 0.010222 0.11697 
1213.6 35.5711 407.462 0.469034 0.11697 1.33699 
1.80651 0.041034 0.469034 0.000555459 0.000171062 0.00195531 
4.19902 0.010222 0.11697 0.000171062 0.000382536 0.0043594 
47.9963 0.11697 1.33699 0.00195531 0.0043594 0.0498307 
