29631.1

7005.57 0.293101 3.35023 -0.00371203 0.660429 7.54895 

157.429 -46.3721 -530.05 0.614505 -0.0142013 -0.162326 
-46.3721 191.468 2177.13 -2.32917 0.000872709 0.00999194 
-530.05 2177.13 24886.4 -26.6233 0.00999197 0.11421 
0.614505 -2.32917 -26.6233 0.0286687 -1.43298e-05 -0.000163794 
-0.0142013 0.000872709 0.00999197 -1.43298e-05 2.36624e-06 1.56082e-05 
-0.162326 0.00999194 0.11421 -0.000163794 1.56082e-05 0.000179408 
