35557.3

7003.86 0.127123 1.45305 -0.00188267 0.660218 7.54653 

651.023 -163.675 -1870.86 2.20107 -0.059107 -0.675614 
-163.675 418.83 4775.97 -5.08526 0.006265 0.0716446 
-1870.86 4775.97 54592 -58.1264 0.0716446 0.818921 
2.20107 -5.08526 -58.1264 0.0626445 -9.29269e-05 -0.00106219 
-0.059107 0.006265 0.0716446 -9.29269e-05 6.70931e-06 6.5242e-05 
-0.675614 0.0716446 0.818921 -0.00106219 6.5242e-05 0.000746741 
