17778.7

7006.75 0.220508 2.52048 -0.00273845 0.660556 7.55039 

9.85731 -7.43409 -84.9744 0.0948652 -0.000779731 -0.00891261 
-7.43409 51.4117 576.226 -0.619119 -0.000327754 -0.00374242 
-84.9744 576.226 6587.48 -7.07676 -0.00374242 -0.0427776 
0.0948652 -0.619119 -7.07676 0.00761513 3.75354e-06 4.29044e-05 
-0.000779731 -0.000327754 -0.00374242 3.75354e-06 1.07591e-06 8.65328e-07 
-0.00891261 -0.00374242 -0.0427776 4.29044e-05 8.65328e-07 1.08912e-05 
