23704.9

7006.33 0.28022 3.203 -0.00349441 0.660512 7.5499 

41.3331 -16.9582 -193.838 0.221266 -0.00363167 -0.0415113 
-16.9582 99.6872 1128.03 -1.21022 -0.000157145 -0.00178786 
-193.838 1128.03 12894.9 -13.8333 -0.00178785 -0.0204367 
0.221266 -1.21022 -13.8333 0.0148904 9.14316e-07 1.04513e-05 
-0.00363167 -0.000157145 -0.00178785 9.14316e-07 1.35036e-06 4.00017e-06 
-0.0415113 -0.00178786 -0.0204367 1.04513e-05 4.00017e-06 4.67237e-05 
