4444.66

-140.76 -616.801 -7050.26 7.50325 -0.0064715 -0.0739716 

575.372 5.06457 57.8899 0.0439144 0.048441 0.553699 
5.06457 0.930177 0.662786 0.000610937 0.000412141 0.00485226 
57.8899 0.662786 8.44808 0.00698324 0.00485226 0.0554508 
0.0439144 0.000610937 0.00698324 5.87854e-06 3.67186e-06 4.19707e-05 
0.048441 0.000412141 0.00485226 3.67186e-06 5.21942e-06 4.65525e-05 
0.553699 0.00485226 0.0554508 4.19707e-05 4.65525e-05 0.000533259 
