26668

-7147.46 -0.295806 -3.38115 0.00372931 -0.647417 -7.40021 

128.476 -79.5087 -908.814 0.965462 -0.0102493 -0.117154 
-79.5087 136.036 1543.05 -1.60904 0.00478898 0.054751 
-908.814 1543.05 17638.6 -18.3919 0.054751 0.625822 
0.965462 -1.60904 -18.3919 0.0192644 -5.87157e-05 -0.000671142 
-0.0102493 0.00478898 0.054751 -5.87157e-05 1.81138e-06 9.71693e-06 
-0.117154 0.054751 0.625822 -0.000671142 9.71693e-06 0.000112029 
