19260.2

-144.111 616.756 7049.74 -7.50268 -0.00678662 -0.0775736 

7106.4 31.4139 359.072 0.00832754 0.671162 7.67163 
31.4139 1.13283 2.98081 0.00154445 0.00301061 0.0342687 
359.072 2.98081 34.9439 0.0176537 0.0342687 0.391717 
0.00832754 0.00154445 0.0176537 1.809e-05 1.05634e-06 1.20744e-05 
0.671162 0.00301061 0.0342687 1.05634e-06 6.46584e-05 0.000725959 
7.67163 0.0342687 0.391717 1.20744e-05 0.000725959 0.00829913 
