14815.6

-7148.32 -0.184629 -2.11036 0.00228608 -0.647505 -7.40122 

28.8243 -28.8761 -330.065 0.34827 -0.00193562 -0.0221249 
-28.8761 34.289 380.041 -0.399373 0.00183918 0.0210248 
-330.065 380.041 4345.04 -4.56498 0.0210248 0.240321 
0.34827 -0.399373 -4.56498 0.00480152 -2.2216e-05 -0.000253937 
-0.00193562 0.00183918 0.0210248 -2.2216e-05 1.08712e-06 1.44225e-06 
-0.0221249 0.0210248 0.240321 -0.000253937 1.44225e-06 1.74464e-05 
