7407.78

-142.465 616.796 7050.21 -7.50319 -0.0066318 -0.0758039 

835.539 8.0255 91.7344 0.0274333 0.0826954 0.945239 
8.0255 0.954257 0.938065 0.000413785 0.000806665 0.00907874 
91.7344 0.938065 11.5946 0.00472972 0.00907874 0.103786 
0.0274333 0.000413785 0.00472972 2.8706e-06 2.70723e-06 3.09447e-05 
0.0826954 0.000806665 0.00907874 2.70723e-06 9.32903e-06 9.35268e-05 
0.945239 0.00907874 0.103786 3.09447e-05 9.35268e-05 0.00107019 
