20741.8

-7148 -0.25225 -2.8833 0.00313641 -0.647474 -7.40086 

50.309 -46.008 -525.889 0.556128 -0.00369903 -0.0422813 
-46.008 70.7326 796.606 -0.835015 0.00286553 0.0327595 
-525.889 796.606 9106.54 -9.54453 0.0327595 0.374453 
0.556128 -0.835015 -9.54453 0.010026 -3.47889e-05 -0.00039765 
-0.00369903 0.00286553 0.0327595 -3.47889e-05 1.23906e-06 3.17758e-06 
-0.0422813 0.0327595 0.374453 -0.00039765 3.17758e-06 3.7282e-05 
