11852.4

7078.01 0.01 1.48353 -5.85469e-18 -1.33227e-15 12.5664 

7.79437 0.000801895 -1.37669e-14 -3.41626e-14 8.91539e-12 -0.0207573 
0.000801895 9.17969e-08 -1.27328e-18 1.22679e-19 -6.9752e-18 -2.13554e-06 
-1.37669e-14 -1.27328e-18 1.74055e-08 -1.40146e-17 -1.78045e-15 2.06868e-15 
-3.41626e-14 1.22679e-19 -1.40146e-17 2.0522e-08 -1.78861e-09 -2.09895e-15 
8.91539e-12 -6.9752e-18 -1.78045e-15 -1.78861e-09 0.000381215 -0.000375643 
-0.0207573 -2.13554e-06 2.06868e-15 -2.09895e-15 -0.000375643 0.000425442 
