13334

7078.01 0.01 1.48353 -3.57787e-18 -1.33227e-15 14.1372 

7.79437 0.000801895 -6.83668e-15 -2.94258e-14 1.22513e-11 -0.023352 
0.000801895 9.17969e-08 -5.30366e-19 1.28895e-19 -1.12555e-17 -2.40248e-06 
-6.83668e-15 -5.30366e-19 1.74055e-08 -1.00038e-17 -2.22422e-15 2.75401e-15 
-2.94258e-14 1.28895e-19 -1.00038e-17 2.0522e-08 -1.78861e-09 -3.01916e-15 
1.22513e-11 -1.12555e-17 -2.22422e-15 -1.78861e-09 0.000381215 -0.000375643 
-0.023352 -2.40248e-06 2.75401e-15 -3.01916e-15 -0.000375643 0.000440125 
