2963.11

7078.01 0.01 1.48353 9.75782e-19 -4.44089e-16 3.1416 

7.79437 0.000801895 -4.98159e-16 -1.30521e-14 2.26477e-12 -0.00518933 
0.000801895 9.17969e-08 -5.21046e-20 3.06959e-20 -1.70347e-18 -5.33885e-07 
-4.98159e-16 -5.21046e-20 1.74055e-08 -2.18875e-18 -1.05191e-15 1.25824e-15 
-1.30521e-14 3.06959e-20 -2.18875e-18 2.0522e-08 -1.78861e-09 -2.96472e-17 
2.26477e-12 -1.70347e-18 -1.05191e-15 -1.78861e-09 0.000381215 -0.000375643 
-0.00518933 -5.33885e-07 1.25824e-15 -2.96472e-17 -0.000375643 0.000373617 
