14815.6

7078.01 0.01 1.48353 5.42101e-19 -1.33227e-15 15.708 

7.79437 0.000801895 -1.23329e-14 -3.64814e-14 9.593e-12 -0.0259467 
0.000801895 9.17969e-08 -1.15362e-18 1.21839e-19 -1.48264e-17 -2.66943e-06 
-1.23329e-14 -1.15362e-18 1.74055e-08 -1.07296e-17 -1.96787e-15 2.86485e-15 
-3.64814e-14 1.21839e-19 -1.07296e-17 2.0522e-08 -1.78861e-09 -3.75979e-15 
9.593e-12 -1.48264e-17 -1.96787e-15 -1.78861e-09 0.000381215 -0.000375643 
-0.0259467 -2.66943e-06 2.86485e-15 -3.75979e-15 -0.000375643 0.000456536 
