31112.7

7078.01 0.01 1.48353 -3.14419e-18 -1.33227e-15 32.9868 

7.79437 0.000801895 -3.23151e-14 2.43992e-15 5.89687e-12 -0.054488 
0.000801895 9.17969e-08 -3.19625e-18 3.37121e-20 -1.43062e-17 -5.6058e-06 
-3.23151e-14 -3.19625e-18 1.74055e-08 -1.45931e-17 -4.41274e-15 5.01932e-15 
2.43992e-15 3.37121e-20 -1.45931e-17 2.0522e-08 -1.78861e-09 -1.59107e-14 
5.89687e-12 -1.43062e-17 -4.41274e-15 -1.78861e-09 0.000381215 -0.000375643 
-0.054488 -5.6058e-06 5.01932e-15 -1.59107e-14 -0.000375643 0.000751071 
