29631.1

7078.01 0.01 1.48353 -5.42101e-19 -1.33227e-15 31.416 

7.79437 0.000801895 -3.51852e-14 -9.77508e-15 4.1334e-12 -0.0518933 
0.000801895 9.17969e-08 -3.52753e-18 8.10143e-20 -1.73378e-17 -5.33885e-06 
-3.51852e-14 -3.52753e-18 1.74055e-08 -1.60461e-17 -4.29861e-15 5.06719e-15 
-9.77508e-15 8.10143e-20 -1.60461e-17 2.0522e-08 -1.78861e-09 -1.43718e-14 
4.1334e-12 -1.73378e-17 -4.29861e-15 -1.78861e-09 0.000381215 -0.000375643 
-0.0518933 -5.33885e-06 5.06719e-15 -1.43718e-14 -0.000375643 0.000715658 
