16297.1

7078.01 0.01 1.48353 -8.99888e-18 -1.33227e-15 17.2788 

7.79437 0.000801895 -2.18929e-14 -5.67138e-14 6.1844e-12 -0.0285413 
0.000801895 9.17969e-08 -2.15901e-18 1.52396e-19 -7.37838e-18 -2.93637e-06 
-2.18929e-14 -2.15901e-18 1.74055e-08 -1.48331e-17 -2.87244e-15 3.7749e-15 
-5.67138e-14 1.52396e-19 -1.48331e-17 2.0522e-08 -1.78861e-09 -4.31232e-15 
6.1844e-12 -7.37838e-18 -2.87244e-15 -1.78861e-09 0.000381215 -0.000375643 
-0.0285413 -2.93637e-06 3.7749e-15 -4.31232e-15 -0.000375643 0.000474675 
