32594.2

7078.01 0.01 1.48353 -1.0842e-18 -1.33227e-15 34.5576 

7.79437 0.000801895 -2.48459e-14 3.73699e-15 3.99893e-12 -0.0570827 
0.000801895 9.17969e-08 -2.45167e-18 4.87636e-20 -1.24729e-17 -5.87274e-06 
-2.48459e-14 -2.45167e-18 1.74055e-08 -1.16306e-17 -4.58598e-15 4.94021e-15 
3.73699e-15 4.87636e-20 -1.16306e-17 2.0522e-08 -1.78861e-09 -1.75327e-14 
3.99893e-12 -1.24729e-17 -4.58598e-15 -1.78861e-09 0.000381215 -0.000375643 
-0.0570827 -5.87274e-06 4.94021e-15 -1.75327e-14 -0.000375643 0.000788212 
