23704.9

7078.01 0.01 1.48353 -6.07153e-18 -1.33227e-15 25.1328 

7.79437 0.000801895 -4.16793e-14 -2.71342e-14 6.30199e-12 -0.0415147 
0.000801895 9.17969e-08 -4.1951e-18 1.31353e-19 -1.65679e-17 -4.27108e-06 
-4.16793e-14 -4.1951e-18 1.74055e-08 -2.44847e-17 -3.8913e-15 4.96826e-15 
-2.71342e-14 1.31353e-19 -2.44847e-17 2.0522e-08 -1.78861e-09 -9.76624e-15 
6.30199e-12 -1.65679e-17 -3.8913e-15 -1.78861e-09 0.000381215 -0.000375643 
-0.0415147 -4.27108e-06 4.96826e-15 -9.76624e-15 -0.000375643 0.000591279 
