22223.3

7078.01 0.01 1.48353 -3.90313e-18 -1.33227e-15 23.562 

7.79437 0.000801895 -4.47705e-14 -5.00238e-14 4.69251e-12 -0.03892 
0.000801895 9.17969e-08 -4.51492e-18 1.17421e-19 -1.46821e-17 -4.00414e-06 
-4.47705e-14 -4.51492e-18 1.74055e-08 -2.57463e-17 -3.71614e-15 5.01724e-15 
-5.00238e-14 1.17421e-19 -2.57463e-17 2.0522e-08 -1.78861e-09 -8.86097e-15 
4.69251e-12 -1.46821e-17 -3.71614e-15 -1.78861e-09 0.000381215 -0.000375643 
-0.03892 -4.00414e-06 5.01724e-15 -8.86097e-15 -0.000375643 0.000564504 
