26668

7078.01 0.01 1.48353 -4.22839e-18 -1.33227e-15 28.2744 

7.79437 0.000801895 -3.05074e-14 -1.9369e-14 7.54359e-12 -0.046704 
0.000801895 9.17969e-08 -2.99772e-18 8.46508e-20 -2.04583e-17 -4.80497e-06 
-3.05074e-14 -2.99772e-18 1.74055e-08 -1.79494e-17 -4.33703e-15 5.21523e-15 
-1.9369e-14 8.46508e-20 -1.79494e-17 2.0522e-08 -1.78861e-09 -1.14357e-14 
7.54359e-12 -2.04583e-17 -4.33703e-15 -1.78861e-09 0.000381215 -0.000375643 
-0.046704 -4.80497e-06 5.21523e-15 -1.14357e-14 -0.000375643 0.000650014 
