35557.3

7078.01 0.01 1.48353 -1.6263e-18 -1.33227e-15 37.6991 

7.79437 0.000801895 -2.11941e-14 -3.52154e-14 7.02103e-12 -0.062272 
0.000801895 9.17969e-08 -2.09599e-18 2.2214e-20 -1.20569e-17 -6.40663e-06 
-2.11941e-14 -2.09599e-18 1.74055e-08 -7.64479e-18 -4.70099e-15 5.0251e-15 
-3.52154e-14 2.2214e-20 -7.64479e-18 2.0522e-08 -1.78861e-09 -2.03891e-14 
7.02103e-12 -1.20569e-17 -4.70099e-15 -1.78861e-09 0.000381215 -0.000375643 
-0.062272 -6.40663e-06 5.0251e-15 -2.03891e-14 -0.000375643 0.000867676 
