10370.9

7078.01 0.01 1.48353 -4.22839e-18 -1.33227e-15 10.9956 

7.79437 0.000801895 -6.76932e-15 -5.20096e-14 6.05306e-12 -0.0181627 
0.000801895 9.17969e-08 -7.27934e-19 8.11429e-20 -7.60577e-18 -1.8686e-06 
-6.76932e-15 -7.27934e-19 1.74055e-08 -1.26474e-17 -7.66851e-16 1.48961e-15 
-5.20096e-14 8.11429e-20 -1.26474e-17 2.0522e-08 -1.78861e-09 -1.45449e-15 
6.05306e-12 -7.60577e-18 -7.66851e-16 -1.78861e-09 0.000381215 -0.000375643 
-0.0181627 -1.8686e-06 1.48961e-15 -1.45449e-15 -0.000375643 0.000412486 
