34075.8

7078.01 0.01 1.48353 6.50521e-19 -1.33227e-15 36.1284 

7.79437 0.000801895 -1.76445e-14 -9.86852e-15 4.83873e-12 -0.0596773 
0.000801895 9.17969e-08 -1.61886e-18 2.21294e-20 -1.91788e-17 -6.13968e-06 
-1.76445e-14 -1.61886e-18 1.74055e-08 -8.48987e-18 -4.77718e-15 5.16662e-15 
-9.86852e-15 2.21294e-20 -8.48987e-18 2.0522e-08 -1.78861e-09 -1.7908e-14 
4.83873e-12 -1.91788e-17 -4.77718e-15 -1.78861e-09 0.000381215 -0.000375643 
-0.0596773 -6.13968e-06 5.16662e-15 -1.7908e-14 -0.000375643 0.00082708 
