20741.8

7078.01 0.01 1.48353 -3.90313e-18 -1.33227e-15 21.9912 

7.79437 0.000801895 -4.37473e-14 -3.20729e-14 1.44826e-12 -0.0363253 
0.000801895 9.17969e-08 -4.41203e-18 6.98241e-20 -9.61568e-18 -3.7372e-06 
-4.37473e-14 -4.41203e-18 1.74055e-08 -2.37997e-17 -3.63718e-15 5.07859e-15 
-3.20729e-14 6.98241e-20 -2.37997e-17 2.0522e-08 -1.78861e-09 -7.32391e-15 
1.44826e-12 -9.61568e-18 -3.63718e-15 -1.78861e-09 0.000381215 -0.000375643 
-0.0363253 -3.7372e-06 5.07859e-15 -7.32391e-15 -0.000375643 0.000539455 
