8889.33

7078.01 0.01 1.48353 1.84314e-18 -1.33227e-15 9.42479 

7.79437 0.000801895 -1.02914e-14 -2.94397e-14 5.53159e-12 -0.015568 
0.000801895 9.17969e-08 -1.08173e-18 3.47233e-20 -4.01483e-19 -1.60166e-06 
-1.02914e-14 -1.08173e-18 1.74055e-08 -1.53324e-17 -1.64299e-15 2.13174e-15 
-2.94397e-14 3.47233e-20 -1.53324e-17 2.0522e-08 -1.78861e-09 -1.02059e-15 
5.53159e-12 -4.01483e-19 -1.64299e-15 -1.78861e-09 0.000381215 -0.000375643 
-0.015568 -1.60166e-06 2.13174e-15 -1.02059e-15 -0.000375643 0.000401257 
