19260.2

7078.01 0.01 1.48353 1.84314e-18 -1.33227e-15 20.4204 

7.79437 0.000801895 -2.846e-14 -2.77996e-14 3.29665e-12 -0.0337307 
0.000801895 9.17969e-08 -2.81737e-18 1.11595e-19 -5.95256e-18 -3.47026e-06 
-2.846e-14 -2.81737e-18 1.74055e-08 -1.82445e-17 -2.80312e-15 4.2551e-15 
-2.77996e-14 1.11595e-19 -1.82445e-17 2.0522e-08 -1.78861e-09 -6.08199e-15 
3.29665e-12 -5.95256e-18 -2.80312e-15 -1.78861e-09 0.000381215 -0.000375643 
-0.0337307 -3.47026e-06 4.2551e-15 -6.08199e-15 -0.000375643 0.000516134 
