4444.66

7078.01 0.01 1.48353 1.19262e-18 -4.44089e-16 4.71239 

7.79437 0.000801895 -1.59503e-15 -3.79955e-14 6.20549e-13 -0.007784 
0.000801895 9.17969e-08 -1.19013e-19 4.03981e-20 7.04069e-19 -8.00828e-07 
-1.59503e-15 -1.19013e-19 1.74055e-08 -3.75544e-18 -1.02446e-15 1.62153e-15 
-3.79955e-14 4.03981e-20 -3.75544e-18 2.0522e-08 -1.78861e-09 -1.5764e-16 
6.20549e-13 7.04069e-19 -1.02446e-15 -1.78861e-09 0.000381215 -0.000375643 
-0.007784 -8.00828e-07 1.62153e-15 -1.5764e-16 -0.000375643 0.000377936 
