55828.9

1970.12 0.170917 4.98479e-06 -1.49173 1.08379e-07 34.5593 

12.2934 0.00568982 2.89935e-05 -2.27671e-05 -1.6903e-05 -0.307575 
0.00568982 2.905e-06 1.12395e-08 -8.59252e-09 -8.12062e-09 -0.00014593 
2.89935e-05 1.12395e-08 9.89213e-07 4.4696e-09 -1.62574e-07 2.09346e-06 
-2.27671e-05 -8.59252e-09 4.4696e-09 1.18704e-06 1.02385e-08 5.57798e-07 
-1.6903e-05 -8.12062e-09 -1.62574e-07 1.02385e-08 9.31246e-07 -4.7761e-07 
-0.307575 -0.00014593 2.09346e-06 5.57798e-07 -4.7761e-07 0.00775084 
