19260.2

7077.3 0.01 6.93889e-18 0.916331 1.73472e-17 20.4404 

7.56764 0.00078882 5.93909e-14 4.14844e-14 2.02608e-14 -0.0316504 
0.00078882 9.17969e-08 2.30967e-19 7.34706e-18 -2.32394e-18 -3.28583e-06 
5.93909e-14 2.30967e-19 3.81232e-08 -5.17505e-18 1.7166e-10 5.68227e-08 
4.14844e-14 7.34706e-18 -5.17505e-18 1.47266e-08 -1.25179e-17 2.37761e-17 
2.02608e-14 -2.32394e-18 1.7166e-10 -1.25179e-17 1.72315e-08 1.7166e-08 
-0.0316504 -3.28583e-06 5.68227e-08 2.37761e-17 1.7166e-08 0.000132502 
