16297.1

7077.3 0.01 0 0.916331 1.9082e-17 17.2588 

7.56764 0.00078882 9.86377e-14 2.1456e-14 3.94007e-14 -0.0296931 
0.00078882 9.17969e-08 2.96086e-19 5.56598e-18 -1.79784e-18 -3.11919e-06 
9.86377e-14 2.96086e-19 3.81232e-08 -4.5245e-18 1.7166e-10 5.68208e-08 
2.1456e-14 5.56598e-18 -4.5245e-18 1.47266e-08 -1.38789e-17 -1.45686e-15 
3.94007e-14 -1.79784e-18 1.7166e-10 -1.38789e-17 1.72315e-08 1.7166e-08 
-0.0296931 -3.11919e-06 5.68208e-08 -1.45686e-15 1.7166e-08 0.000116678 
