34075.8

7077.3 0.01 -1.38778e-17 0.916331 5.20417e-18 36.1084 

7.56764 0.00078882 2.242e-13 1.00285e-13 1.16662e-13 -0.0603648 
0.00078882 9.17969e-08 1.31649e-19 2.13234e-17 -3.67906e-18 -6.3217e-06 
2.242e-13 1.31649e-19 3.81232e-08 -5.63993e-18 1.7166e-10 5.68165e-08 
1.00285e-13 2.13234e-17 -5.63993e-18 1.47266e-08 -2.04835e-17 -9.80679e-15 
1.16662e-13 -3.67906e-18 1.7166e-10 -2.04835e-17 1.72315e-08 1.7166e-08 
-0.0603648 -6.3217e-06 5.68165e-08 -9.80679e-15 1.7166e-08 0.000481716 
