5926.22

7077.3 0.01 -6.93889e-18 0.916331 8.67362e-18 6.28319 

7.56764 0.00078882 5.19534e-14 -4.72434e-15 1.28809e-14 -0.0104336 
0.00078882 9.17969e-08 1.16861e-20 5.35484e-19 -1.06533e-18 -1.0894e-06 
5.19534e-14 1.16861e-20 3.81232e-08 -8.22179e-19 1.7166e-10 -2.01952e-08 
-4.72434e-15 5.35484e-19 -8.22179e-19 1.47266e-08 -2.6468e-18 3.48145e-16 
1.28809e-14 -1.06533e-18 1.7166e-10 -2.6468e-18 1.72315e-08 1.7166e-08 
-0.0104336 -1.0894e-06 -2.01952e-08 3.48145e-16 1.7166e-08 1.44227e-05 
