10370.9

7077.3 0.01 6.93889e-18 0.916331 1.73472e-17 10.9756 

7.56764 0.00078882 7.3654e-14 -5.82289e-15 1.75319e-14 -0.0194692 
0.00078882 9.17969e-08 1.19943e-19 -4.45206e-19 -1.98241e-18 -2.05169e-06 
7.3654e-14 1.19943e-19 3.81232e-08 3.38406e-18 1.7166e-10 5.68218e-08 
-5.82289e-15 -4.45206e-19 3.38406e-18 1.47266e-08 -6.66693e-18 1.0996e-16 
1.75319e-14 -1.98241e-18 1.7166e-10 -6.66693e-18 1.72315e-08 1.7166e-08 
-0.0194692 -2.05169e-06 5.68218e-08 1.0996e-16 1.7166e-08 5.02505e-05 
