14815.6

7077.3 0.01 6.93889e-18 0.916331 2.08167e-17 15.708 

7.56764 0.00078882 1.11767e-13 -3.14135e-15 2.93267e-14 -0.0250612 
0.00078882 9.17969e-08 2.50245e-19 2.05102e-18 -1.61811e-18 -2.6167e-06 
1.11767e-13 2.50245e-19 3.81232e-08 -1.34533e-18 1.7166e-10 1.30084e-07 
-3.14135e-15 2.05102e-18 -1.34533e-18 1.47266e-08 -1.09037e-17 -1.45322e-15 
2.93267e-14 -1.61811e-18 1.7166e-10 -1.09037e-17 1.72315e-08 1.7166e-08 
-0.0250612 -2.6167e-06 1.30084e-07 -1.45322e-15 1.7166e-08 8.3464e-05 
