8889.33

7077.3 0.01 -3.46945e-18 0.916331 1.9082e-17 9.42479 

7.56764 0.00078882 8.10426e-14 1.77585e-15 1.13346e-14 -0.0150367 
0.00078882 9.17969e-08 1.24617e-19 -4.74316e-20 -1.85775e-18 -1.57002e-06 
8.10426e-14 1.24617e-19 3.81232e-08 -7.98255e-19 1.7166e-10 1.30085e-07 
1.77585e-15 -4.74316e-20 -7.98255e-19 1.47266e-08 -4.81283e-18 6.31147e-16 
1.13346e-14 -1.85775e-18 1.7166e-10 -4.81283e-18 1.72315e-08 1.7166e-08 
-0.0150367 -1.57002e-06 1.30085e-07 6.31147e-16 1.7166e-08 3.03469e-05 
