25186.4

7077.3 0.01 -1.73472e-18 0.916331 2.08167e-17 26.7236 

7.56764 0.00078882 1.01269e-13 9.46645e-15 7.24001e-14 -0.0418743 
0.00078882 9.17969e-08 2.35256e-19 4.22953e-18 -2.61483e-18 -4.35333e-06 
1.01269e-13 2.35256e-19 3.81232e-08 -2.55119e-18 1.7166e-10 5.68222e-08 
9.46645e-15 4.22953e-18 -2.55119e-18 1.47266e-08 -1.84066e-17 1.34211e-15 
7.24001e-14 -2.61483e-18 1.7166e-10 -1.84066e-17 1.72315e-08 1.7166e-08 
-0.0418743 -4.35333e-06 5.68222e-08 1.34211e-15 1.7166e-08 0.000231829 
