26668

7077.3 0.01 -6.93889e-18 0.916331 2.08167e-17 28.2744 

7.56764 0.00078882 9.59549e-14 6.72047e-14 7.54814e-14 -0.0451101 
0.00078882 9.17969e-08 2.39273e-19 1.11433e-17 -3.01215e-18 -4.71005e-06 
9.59549e-14 2.39273e-19 3.81232e-08 -3.47945e-19 1.7166e-10 1.30082e-07 
6.72047e-14 1.11433e-17 -3.47945e-19 1.47266e-08 -2.00674e-17 -2.77724e-15 
7.54814e-14 -3.01215e-18 1.7166e-10 -2.00674e-17 1.72315e-08 1.7166e-08 
-0.0451101 -4.71005e-06 1.30082e-07 -2.77724e-15 1.7166e-08 0.000269374 
