29631.1

7077.3 0.01 -1.73472e-17 0.916331 1.04083e-17 31.4159 

7.56764 0.00078882 1.38748e-13 7.75877e-14 8.94584e-14 -0.0521679 
0.00078882 9.17969e-08 1.79392e-19 1.49452e-17 -3.20029e-18 -5.44697e-06 
1.38748e-13 1.79392e-19 3.81232e-08 -1.38106e-18 1.7166e-10 -2.0198e-08 
7.75877e-14 1.49452e-17 -1.38106e-18 1.47266e-08 -2.01859e-17 -6.89152e-15 
8.94584e-14 -3.20029e-18 1.7166e-10 -2.01859e-17 1.72315e-08 1.7166e-08 
-0.0521679 -5.44697e-06 -2.0198e-08 -6.89152e-15 1.7166e-08 0.000359669 
