4444.66

7077.3 0.01 -1.38778e-17 0.916331 8.67362e-18 4.69239 

7.56764 0.00078882 4.5002e-14 -2.12109e-15 9.34557e-16 -0.00924526 
0.00078882 9.17969e-08 1.42884e-20 -4.98252e-19 -5.30691e-19 -9.84185e-07 
4.5002e-14 1.42884e-20 3.81232e-08 1.06438e-18 1.7166e-10 5.68226e-08 
-2.12109e-15 -4.98252e-19 1.06438e-18 1.47266e-08 -1.85115e-19 5.92807e-16 
9.34557e-16 -5.30691e-19 1.7166e-10 -1.85115e-19 1.72315e-08 1.7166e-08 
-0.00924526 -9.84185e-07 5.68226e-08 5.92807e-16 1.7166e-08 1.14491e-05 
