28149.5

7077.3 0.01 -6.93889e-18 0.916331 1.99493e-17 29.8252 

7.56764 0.00078882 1.29365e-13 6.15453e-14 8.0485e-14 -0.0501409 
0.00078882 9.17969e-08 2.36903e-19 1.16661e-17 -3.05845e-18 -5.2542e-06 
1.29365e-13 2.36903e-19 3.81232e-08 -3.12619e-18 1.7166e-10 5.68181e-08 
6.15453e-14 1.16661e-17 -3.12619e-18 1.47266e-08 -2.01666e-17 -2.40038e-15 
8.0485e-14 -3.05845e-18 1.7166e-10 -2.01666e-17 1.72315e-08 1.7166e-08 
-0.0501409 -5.2542e-06 5.68181e-08 -2.40038e-15 1.7166e-08 0.00033241 
