11852.4

7077.3 0.01 1.04083e-17 0.916331 2.25514e-17 12.5664 

7.56764 0.00078882 6.68754e-14 -1.72342e-15 3.44125e-15 -0.0208672 
0.00078882 9.17969e-08 2.11583e-19 1.06986e-20 -1.95364e-18 -2.17879e-06 
6.68754e-14 2.11583e-19 3.81232e-08 3.72254e-18 1.7166e-10 -2.01955e-08 
-1.72342e-15 1.06986e-20 3.72254e-18 1.47266e-08 -8.57948e-18 -5.40087e-16 
3.44125e-15 -1.95364e-18 1.7166e-10 -8.57948e-18 1.72315e-08 1.7166e-08 
-0.0208672 -2.17879e-06 -2.01955e-08 -5.40087e-16 1.7166e-08 5.75785e-05 
