1481.56

7077.3 0.01 -3.46945e-18 0.916331 5.20417e-18 1.5908 

7.56764 0.00078882 6.94514e-24 1.02952e-16 -1.14327e-23 -0.000978655 
0.00078882 9.17969e-08 2.64905e-29 4.82665e-22 -6.39485e-29 -8.33188e-08 
6.94514e-24 2.64905e-29 3.81232e-08 7.74194e-28 1.7166e-10 5.68231e-08 
1.02952e-16 4.82665e-22 7.74194e-28 1.47266e-08 -9.58014e-28 -4.11552e-17 
-1.14327e-23 -6.39485e-29 1.7166e-10 -9.58014e-28 1.72315e-08 1.7166e-08 
-0.000978655 -8.33188e-08 5.68231e-08 -4.11552e-17 1.7166e-08 2.73456e-07 
