20741.8

7077.3 0.01 -3.46945e-18 0.916331 1.73472e-17 21.9912 

7.56764 0.00078882 6.7123e-14 -6.52505e-15 4.674e-14 -0.0350856 
0.00078882 9.17969e-08 2.51179e-19 1.25398e-18 -2.47377e-18 -3.66338e-06 
6.7123e-14 2.51179e-19 3.81232e-08 -2.74998e-18 1.7166e-10 1.30083e-07 
-6.52505e-15 1.25398e-18 -2.74998e-18 1.47266e-08 -1.28608e-17 -3.8404e-15 
4.674e-14 -2.47377e-18 1.7166e-10 -1.28608e-17 1.72315e-08 1.7166e-08 
-0.0350856 -3.66338e-06 1.30083e-07 -3.8404e-15 1.7166e-08 0.00016314 
