32594.2

7077.3 0.01 -1.73472e-17 0.916331 3.46945e-18 34.5576 

7.56764 0.00078882 1.95023e-13 5.45014e-14 1.12085e-13 -0.0551346 
0.00078882 9.17969e-08 1.53562e-19 1.78404e-17 -3.47533e-18 -5.75673e-06 
1.95023e-13 1.53562e-19 3.81232e-08 -4.17264e-18 1.7166e-10 1.30081e-07 
5.45014e-14 1.78404e-17 -4.17264e-18 1.47266e-08 -2.13964e-17 -7.56947e-15 
1.12085e-13 -3.47533e-18 1.7166e-10 -2.13964e-17 1.72315e-08 1.7166e-08 
-0.0551346 -5.75673e-06 1.30081e-07 -7.56947e-15 1.7166e-08 0.000402167 
