23704.9

7077.3 0.01 0 0.916331 2.08167e-17 25.1328 

7.56764 0.00078882 9.95641e-14 -1.69699e-14 7.60815e-14 -0.0417343 
0.00078882 9.17969e-08 2.01209e-19 1.8266e-18 -2.43943e-18 -4.35758e-06 
9.95641e-14 2.01209e-19 3.81232e-08 4.00533e-19 1.7166e-10 -2.0197e-08 
-1.69699e-14 1.8266e-18 4.00533e-19 1.47266e-08 -1.51788e-17 -2.40115e-15 
7.60815e-14 -2.43943e-18 1.7166e-10 -1.51788e-17 1.72315e-08 1.7166e-08 
-0.0417343 -4.35758e-06 -2.0197e-08 -2.40115e-15 1.7166e-08 0.000230202 
