17778.7

7077.3 0.01 3.46945e-18 0.916331 1.56125e-17 18.8496 

7.56764 0.00078882 7.01925e-14 3.34145e-14 1.03868e-14 -0.0313007 
0.00078882 9.17969e-08 2.66226e-19 7.97933e-18 -1.93221e-18 -3.26818e-06 
7.01925e-14 2.66226e-19 3.81232e-08 -5.57926e-18 1.7166e-10 -2.01962e-08 
3.34145e-14 7.97933e-18 -5.57926e-18 1.47266e-08 -1.18594e-17 -1.14257e-15 
1.03868e-14 -1.93221e-18 1.7166e-10 -1.18594e-17 1.72315e-08 1.7166e-08 
-0.0313007 -3.26818e-06 -2.01962e-08 -1.14257e-15 1.7166e-08 0.000129505 
