13334

7077.3 0.01 8.67362e-18 0.916331 2.25514e-17 14.1572 

7.56764 0.00078882 9.03503e-14 1.55041e-14 1.07305e-14 -0.0214265 
0.00078882 9.17969e-08 2.61193e-19 3.46996e-18 -1.57252e-18 -2.21832e-06 
9.03503e-14 2.61193e-19 3.81232e-08 -1.14977e-18 1.7166e-10 5.68231e-08 
1.55041e-14 3.46996e-18 -1.14977e-18 1.47266e-08 -8.8131e-18 9.29571e-17 
1.07305e-14 -1.57252e-18 1.7166e-10 -8.8131e-18 1.72315e-08 1.7166e-08 
-0.0214265 -2.21832e-06 5.68231e-08 9.29571e-17 1.7166e-08 6.07997e-05 
