22223.3

7077.3 0.01 -6.93889e-18 0.916331 1.82146e-17 23.542 

7.56764 0.00078882 1.02886e-13 -4.61538e-14 6.56357e-14 -0.039917 
0.00078882 9.17969e-08 2.32701e-19 -1.34336e-18 -2.17903e-18 -4.18669e-06 
1.02886e-13 2.32701e-19 3.81232e-08 -4.06348e-18 1.7166e-10 5.68195e-08 
-4.61538e-14 -1.34336e-18 -4.06348e-18 1.47266e-08 -1.55418e-17 -3.14823e-15 
6.56357e-14 -2.17903e-18 1.7166e-10 -1.55418e-17 1.72315e-08 1.7166e-08 
-0.039917 -4.18669e-06 5.68195e-08 -3.14823e-15 1.7166e-08 0.000210731 
