1268.84

880.057 -605.077 -1473.37 -1.11598 -0.317037 -0.771992 

6.19114 -0.804123 -1.95806 0.0047852 -0.00144127 -0.00350951 
-0.804123 1.57619 0.400294 -0.000903142 0.000560368 0.000757048 
-1.95806 0.400294 2.38652 -0.00219917 0.000757048 0.0020929 
0.0047852 -0.000903142 -0.00219917 4.22481e-06 -1.21345e-06 -2.95479e-06 
-0.00144127 0.000560368 0.000757048 -1.21345e-06 1.15504e-06 9.80451e-07 
-0.00350951 0.000757048 0.0020929 -2.95479e-06 9.80451e-07 3.13982e-06 
