2537.68

-687.31 -748.863 -1823.5 -1.20391 0.0766679 0.186688 

19.1635 -8.58476 -20.9041 0.00167458 -0.00763653 -0.0185951 
-8.58476 6.78353 11.8664 -0.00090358 0.00462812 0.0109925 
-20.9041 11.8664 30.8051 -0.00220024 0.0109925 0.0268807 
0.00167458 -0.00090358 -0.00220024 3.70642e-07 -7.48342e-07 -1.82223e-06 
-0.00763653 0.00462812 0.0109925 -7.48342e-07 4.45792e-06 9.56395e-06 
-0.0185951 0.0109925 0.0268807 -1.82223e-06 9.56395e-06 2.38187e-05 
