6978.62

-1389.18 651.703 1586.91 0.990819 0.221943 0.540435 

1141.05 161.989 394.446 0.445737 -0.162914 -0.3967 
161.989 25.8807 58.1445 0.0625457 -0.0235905 -0.0573546 
394.446 58.1445 143.585 0.1523 -0.0573546 -0.139696 
0.445737 0.0625457 0.1523 0.000174625 -6.33853e-05 -0.000154345 
-0.162914 -0.0235905 -0.0573546 -6.33853e-05 2.38671e-05 5.68992e-05 
-0.3967 -0.0573546 -0.139696 -0.000154345 5.68992e-05 0.000139051 
