22204.7

108.829 -738.89 -1799.21 -1.2705 -0.109842 -0.267467 

13805.8 589.358 1435.1 1.20136 -3.58314 -8.72501 
589.358 76.4946 182.119 -0.0278502 -0.142043 -0.346365 
1435.1 182.119 445.166 -0.0678159 -0.346365 -0.843207 
1.20136 -0.0278502 -0.0678159 0.000235665 -0.000322095 -0.000784308 
-3.58314 -0.142043 -0.346365 -0.000322095 0.000949701 0.00231105 
-8.72501 -0.346365 -0.843207 -0.000784308 0.00231105 0.00562808 
