5075.36

-2376.33 -0.00624073 -0.0151983 3.92946e-05 0.40154 0.977759 

82.2189 65.5503 159.616 0.092585 0.0106757 0.0259957 
65.5503 60.3231 142.031 0.0797416 0.00847387 0.0206341 
159.616 142.031 347.843 0.194172 0.0206341 0.0502445 
0.092585 0.0797416 0.194172 0.000109898 1.19686e-05 2.91439e-05 
0.0106757 0.00847387 0.0206341 1.19686e-05 1.81907e-06 3.20875e-06 
0.0259957 0.0206341 0.0502445 2.91439e-05 3.20875e-06 8.3147e-06 
