12688.4

-686.965 -748.629 -1822.93 -1.2036 0.0765927 0.186505 

2253.36 -253.178 -616.493 -0.396634 -0.557711 -1.35804 
-253.178 33.6275 77.2358 0.0410914 0.0644952 0.156771 
-616.493 77.2358 189.979 0.100058 0.156771 0.381854 
-0.396634 0.0410914 0.100058 7.46791e-05 9.74169e-05 0.000237212 
-0.557711 0.0644952 0.156771 9.74169e-05 0.000140014 0.000339646 
-1.35804 0.156771 0.381854 0.000237212 0.000339646 0.000827576 
