21570.3

879.056 -603.659 -1469.92 -1.113 -0.316819 -0.771461 

10032.1 2444.2 5951.69 4.54276 -2.839 -6.91303 
2444.2 636.535 1546.54 1.05314 -0.70259 -1.71143 
5951.69 1546.54 3767.27 2.56443 -1.71143 -4.16711 
4.54276 1.05314 2.56443 0.0021403 -0.00127987 -0.00311651 
-2.839 -0.70259 -1.71143 -0.00127987 0.000820993 0.0019973 
-6.91303 -1.71143 -4.16711 -0.00311651 0.0019973 0.00486423 
