26011.2

-2256.92 248.936 606.164 0.356711 0.380597 0.926762 

9859.51 6006.45 14625.8 9.32639 -0.470893 -1.14664 
6006.45 4038.22 9828.28 6.02444 -0.38874 -0.946626 
14625.8 9828.28 23934.1 14.6696 -0.946626 -2.30504 
9.32639 6.02444 14.6696 0.00922164 -0.000545271 -0.00132775 
-0.470893 -0.38874 -0.946626 -0.000545271 5.24126e-05 0.000126408 
-1.14664 -0.946626 -2.30504 -0.00132775 0.000126408 0.000308307 
