26645.6

-1922.12 473.694 1153.45 0.693746 0.321165 0.782045 

25829.9 8689.77 21159.8 15.6996 -3.00166 -7.30912 
8689.77 3088.42 7515.46 5.32501 -1.08245 -2.6358 
21159.8 7515.46 18302.3 12.9665 -2.6358 -6.41823 
15.6996 5.32501 12.9665 0.00963141 -0.00185436 -0.00451539 
-3.00166 -1.08245 -2.6358 -0.00185436 0.000385994 0.000938696 
-7.30912 -2.6358 -6.41823 -0.00451539 0.000938696 0.00228624 
