3172.1

-1389.25 -651.779 -1587.1 -0.990871 0.222005 0.540586 

16.2351 -12.2805 -29.9033 -0.00610909 -0.00761225 -0.018536 
-12.2805 15.2459 32.2481 0.00674946 0.00882548 0.0214016 
-29.9033 32.2481 80.5272 0.0164351 0.0214016 0.0521497 
-0.00610909 0.00674946 0.0164351 3.56305e-06 4.41314e-06 1.07461e-05 
-0.00761225 0.00882548 0.0214016 4.41314e-06 6.17466e-06 1.38178e-05 
-0.018536 0.0214016 0.0521497 1.07461e-05 1.38178e-05 3.41467e-05 
