1903.26

108.062 -740.289 -1802.62 -1.27304 -0.109612 -0.266907 

13.5482 -3.53103 -8.59813 0.00611524 -0.00443729 -0.0108049 
-3.53103 2.912 2.93203 -0.00200307 0.00177055 0.00381536 
-8.59813 2.93203 8.84745 -0.00487751 0.00381536 0.00949415 
0.00611524 -0.00200307 -0.00487751 3.278e-06 -2.27134e-06 -5.53075e-06 
-0.00443729 0.00177055 0.00381536 -2.27134e-06 2.37909e-06 4.30824e-06 
-0.0108049 0.00381536 0.00949415 -5.53075e-06 4.30824e-06 1.11005e-05 
