10150.7

1681.82 0.0893048 0.217461 0.000124268 -0.566898 -1.38041 

2.53272 14.9677 36.4466 0.031133 0.000458262 0.00111588 
14.9677 423.217 1028.11 0.844068 -0.00583905 -0.0142186 
36.4466 1028.11 2504.47 2.05532 -0.0142186 -0.0346224 
0.031133 0.844068 2.05532 0.00169098 -1.13129e-05 -2.75471e-05 
0.000458262 -0.00583905 -0.0142186 -1.13129e-05 1.23143e-06 5.61784e-07 
0.00111588 -0.0142186 -0.0346224 -2.75471e-05 5.61784e-07 2.36868e-06 
