15226.1

-2375.49 -0.0456878 -0.111254 0.00013615 0.401388 0.977387 

158.238 267.183 650.597 0.376992 0.0212277 0.05169 
267.183 571.281 1386.23 0.791723 0.0345364 0.0840956 
650.597 1386.23 3377.48 1.92786 0.0840956 0.204775 
0.376992 0.791723 1.92786 0.00110701 4.88107e-05 0.000118855 
0.0212277 0.0345364 0.0840956 4.88107e-05 3.3072e-06 6.83167e-06 
0.05169 0.0840956 0.204775 0.000118855 6.83167e-06 1.71369e-05 
