27914.5

-688.13 743.221 1809.76 1.19507 0.0745799 0.181604 

71545.3 2324.22 5659.53 15.1222 -14.3557 -34.9565 
2324.22 137.493 330.177 0.398709 -0.485112 -1.18096 
5659.53 330.177 805.885 0.970866 -1.18096 -2.87579 
15.1222 0.398709 0.970866 0.00346554 -0.00302549 -0.00736714 
-14.3557 -0.485112 -1.18096 -0.00302549 0.00290359 0.00706899 
-34.9565 -1.18096 -2.87579 -0.00736714 0.00706899 0.0172137 
