27280

-1385.95 647.56 1576.82 0.986411 0.219737 0.535065 

48561.7 8166.38 19885.3 19.31 -7.77228 -18.9257 
8166.38 1466.65 3566.46 3.19268 -1.3516 -3.29109 
19885.3 3566.46 8686.41 7.77424 -3.29109 -8.01391 
19.31 3.19268 7.77424 0.00779631 -0.00307665 -0.00749172 
-7.77228 -1.3516 -3.29109 -0.00307665 0.0012742 0.00310147 
-18.9257 -3.29109 -8.01391 -0.00749172 0.00310147 0.00755265 
