9516.29

1461.7 344.056 837.783 0.67109 -0.494357 -1.20377 

552.347 -424.933 -1034.72 -0.769934 -0.175455 -0.427236 
-424.933 329.08 798.582 0.593309 0.135566 0.330551 
-1034.72 798.582 1945.69 1.44472 0.330551 0.804715 
-0.769934 0.593309 1.44472 0.00107581 0.000245516 0.000597838 
-0.175455 0.135566 0.330551 0.000245516 5.71276e-05 0.000136866 
-0.427236 0.330551 0.804715 0.000597838 0.000136866 0.000334192 
