29817.7

1431.62 342.281 833.461 0.656995 -0.484878 -1.18069 

20925.1 -17299.6 -42124.9 -32.4702 -7.45217 -18.1462 
-17299.6 14861.7 36185.8 27.874 6.73532 16.4011 
-42124.9 36185.8 88114.3 67.8738 16.4011 39.9368 
-32.4702 27.874 67.8738 0.0533869 0.0127245 0.0309843 
-7.45217 6.73532 16.4011 0.0127245 0.00339956 0.00827567 
-18.1462 16.4011 39.9368 0.0309843 0.00827567 0.0201524 
