13322.8

-1388.73 -651.598 -1586.65 -0.990632 0.221915 0.540368 

1543.44 -479.233 -1166.94 -0.668445 -0.381366 -0.928634 
-479.233 157.039 377.522 0.207391 0.122417 0.297999 
-1166.94 377.522 921.275 0.505 0.297999 0.725671 
-0.668445 0.207391 0.505 0.000292963 0.000166306 0.000404959 
-0.381366 0.122417 0.297999 0.000166306 9.75428e-05 0.0002363 
-0.928634 0.297999 0.725671 0.000404959 0.0002363 0.000575896 
