11419.6

879.865 -604.795 -1472.69 -1.11544 -0.317009 -0.771923 

1798.47 461.035 1122.63 0.790528 -0.525284 -1.27908 
461.035 121.482 292.374 0.200007 -0.135124 -0.329637 
1122.63 292.374 713.347 0.487022 -0.329637 -0.802424 
0.790528 0.200007 0.487022 0.00035139 -0.000230443 -0.000561133 
-0.525284 -0.135124 -0.329637 -0.000230443 0.000154866 0.00037527 
-1.27908 -0.329637 -0.802424 -0.000561133 0.00037527 0.000914542 
