20935.8

1459.56 -343.047 -835.327 -0.668909 -0.493659 -1.20207 

3591.47 2386.45 5811.06 4.79196 -1.08109 -2.63247 
2386.45 1639.62 3989.78 3.19324 -0.745996 -1.81696 
5811.06 3989.78 9716.33 7.77561 -1.81696 -4.42416 
4.79196 3.19324 7.77561 0.00643671 -0.00146042 -0.00355616 
-1.08109 -0.745996 -1.81696 -0.00146042 0.000346945 0.000842576 
-2.63247 -1.81696 -4.42416 -0.00355616 0.000842576 0.00205261 
