12054

108.177 -740.016 -1801.95 -1.27261 -0.109658 -0.267019 

2424.18 129.426 315.155 0.166552 -0.640206 -1.55892 
129.426 10.8025 22.1477 0.00503283 -0.0336799 -0.0825062 
315.155 22.1477 55.6372 0.012255 -0.0825062 -0.200701 
0.166552 0.00503283 0.012255 1.78302e-05 -4.42226e-05 -0.000107683 
-0.640206 -0.0336799 -0.0825062 -4.42226e-05 0.000170375 0.000413381 
-1.55892 -0.0825062 -0.200701 -0.000107683 0.000413381 0.0010072 
