20301.4

1678.75 0.332886 0.810585 0.000455328 -0.565828 -1.3778 

37.7507 100.66 245.11 0.233005 0.0124758 0.0303787 
100.66 2179.61 5304.96 4.39646 -0.00996321 -0.0242646 
245.11 5304.96 12918.7 10.7055 -0.0242646 -0.0590832 
0.233005 4.39646 10.7055 0.00894569 -1.06753e-05 -2.59948e-05 
0.0124758 -0.00996321 -0.0242646 -1.06753e-05 7.46539e-06 1.57345e-05 
0.0303787 -0.0242646 -0.0590832 -2.59948e-05 1.57345e-05 3.93174e-05 
