28548.9

99.8032 733.688 1786.55 1.25829 -0.110227 -0.268406 

81421.9 -8866.13 -21589.2 -1.84639 -19.9925 -48.6822 
-8866.13 1016.43 2470.92 0.0960912 2.18969 5.33247 
-21589.2 2470.92 6018.42 0.233984 5.33247 12.9845 
-1.84639 0.0960912 0.233984 0.000467288 0.000393608 0.000958444 
-19.9925 2.18969 5.33247 0.000393608 0.00495906 0.0120739 
-48.6822 5.33247 12.9845 0.000958444 0.0120739 0.0294008 
