30452.1

1648.17 6.022 14.6637 0.00547219 -0.552826 -1.34614 

3148.76 5108.17 12438.5 13.1879 0.936099 2.27942 
5108.17 20184.3 49146.8 44.2513 0.536567 1.30653 
12438.5 49146.8 119675 107.753 1.30653 3.18144 
13.1879 44.2513 107.753 0.101983 0.00198055 0.00482267 
0.936099 0.536567 1.30653 0.00198055 0.00055009 0.00133697 
2.27942 1.30653 3.18144 0.00482267 0.00133697 0.00325658 
