7613.03

-687.308 748.746 1823.21 1.20373 0.0766036 0.186531 

1682.42 32.6645 79.5388 0.365224 -0.318201 -0.774827 
32.6645 3.12183 2.95087 0.00600073 -0.00648344 -0.0155099 
79.5388 2.95087 9.09542 0.0146119 -0.0155099 -0.0378809 
0.365224 0.00600073 0.0146119 8.07475e-05 -6.88146e-05 -0.000167565 
-0.318201 -0.00648344 -0.0155099 -6.88146e-05 6.07168e-05 0.000146555 
-0.774827 -0.0155099 -0.0378809 -0.000167565 0.000146555 0.000357396 
