13957.2

-1926.66 -476.434 -1160.13 -0.695299 0.323038 0.786605 

694.219 -460.357 -1120.98 -0.617014 -0.189243 -0.46081 
-460.357 324.852 786.112 0.423724 0.134586 0.327733 
-1120.98 786.112 1916.22 1.03178 0.327733 0.798032 
-0.617014 0.423724 1.03178 0.000565503 0.000176663 0.000430179 
-0.189243 0.134586 0.327733 0.000176663 5.68711e-05 0.000137275 
-0.46081 0.327733 0.798032 0.000430179 0.000137275 0.000334762 
