5709.78

-2262.63 250.646 610.328 0.356971 0.382159 0.930566 

269.529 127.223 309.791 0.209676 -0.00390256 -0.00950283 
127.223 64.7246 152.727 0.10071 -0.00245335 -0.00600443 
309.791 152.727 373.896 0.24523 -0.00600443 -0.0146084 
0.209676 0.10071 0.24523 0.000164217 -3.424e-06 -8.33751e-06 
-0.00390256 -0.00245335 -0.00600443 -3.424e-06 6.2223e-07 2.99726e-07 
-0.00950283 -0.00600443 -0.0146084 -8.33751e-06 2.99726e-07 1.22898e-06 
