6344.2

-1927.24 476.512 1160.32 0.695517 0.323097 0.786749 

625.12 175.488 427.316 0.350751 -0.0562112 -0.136875 
175.488 52.7374 123.503 0.0985449 -0.0163755 -0.0398875 
427.316 123.503 302.75 0.239959 -0.0398875 -0.0971216 
0.350751 0.0985449 0.239959 0.000196863 -3.15888e-05 -7.69193e-05 
-0.0562112 -0.0163755 -0.0398875 -3.15888e-05 5.69803e-06 1.26682e-05 
-0.136875 -0.0398875 -0.0971216 -7.69193e-05 1.26682e-05 3.13428e-05 
