19667

1459.02 343.678 836.863 0.669679 -0.493563 -1.20184 

2861.43 -2179.56 -5307.27 -4.00882 -0.923626 -2.24905 
-2179.56 1670.94 4066.05 3.06779 0.712526 1.73546 
-5307.27 4066.05 9902.04 7.47014 1.73546 4.2257 
-4.00882 3.06779 7.47014 0.00565965 0.00131109 0.00319253 
-0.923626 0.712526 1.73546 0.00131109 0.000309666 0.000751795 
-2.24905 1.73546 4.2257 0.00319253 0.000751795 0.00183156 
