19032.6

878.079 604.227 1471.31 1.11364 -0.316728 -0.771239 

7980.1 -2376.55 -5786.95 -3.30162 -2.27863 -5.54852 
-2376.55 711.595 1729.32 0.980189 0.680362 1.6573 
-5786.95 1729.32 4212.35 2.38678 1.6573 4.03532 
-3.30162 0.980189 2.38678 0.00137489 0.000941419 0.00229238 
-2.27863 0.680362 1.6573 0.000941419 0.000655024 0.00159316 
-5.54852 1.6573 4.03532 0.00229238 0.00159316 0.00388013 
