3806.52

-1927.32 -476.554 -1160.42 -0.695492 0.323142 0.786858 

7.2664 -6.43402 -15.667 -0.00516339 -0.00221795 -0.00540076 
-6.43402 29.0058 65.7156 0.0240995 0.0125816 0.0306493 
-15.667 65.7156 162.037 0.0586828 0.0306493 0.0746265 
-0.00516339 0.0240995 0.0586828 2.15121e-05 1.1193e-05 2.72552e-05 
-0.00221795 0.0125816 0.0306493 1.1193e-05 6.3301e-06 1.42073e-05 
-0.00540076 0.0306493 0.0746265 2.72552e-05 1.42073e-05 3.50907e-05 
