22839.1

-685.107 -747.689 -1820.64 -1.2019 0.0762091 0.185571 

13147.1 -1625.47 -3958.04 -2.05955 -3.22932 -7.86347 
-1625.47 281.769 681.484 0.182897 0.443563 1.07981 
-3958.04 681.484 1661.33 0.445359 1.07981 2.62948 
-2.05955 0.182897 0.445359 0.000418947 0.000486159 0.00118381 
-3.22932 0.443563 1.07981 0.000486159 0.000832753 0.00202647 
-7.86347 1.07981 2.62948 0.00118381 0.00202647 0.00493504 
