17129.3

-1388.52 651.265 1585.84 0.99039 0.22168 0.539794 

6126.88 1089.34 2652.57 2.46082 -1.01558 -2.47297 
1089.34 200.055 482.264 0.435063 -0.182762 -0.44494 
2652.57 482.264 1176.33 1.05939 -0.44494 -1.08348 
2.46082 0.435063 1.05939 0.000992 -0.000407388 -0.000991999 
-1.01558 -0.182762 -0.44494 -0.000407388 0.000170081 0.000412933 
-2.47297 -0.44494 -1.08348 -0.000991999 0.000412933 0.001006 
