25376.8

-2370.75 -0.834749 -2.03263 0.00061588 0.400314 0.974772 

2032.58 2277 5544.53 3.20883 0.284729 0.69332 
2277 4082.26 9935.55 5.5116 0.294967 0.718243 
5544.53 9935.55 24195.3 13.4209 0.718243 1.74894 
3.20883 5.5116 13.4209 0.00757005 0.000419089 0.00102049 
0.284729 0.294967 0.718243 0.000419089 4.14088e-05 9.96065e-05 
0.69332 0.718243 1.74894 0.00102049 9.96065e-05 0.000243047 
