8247.45

107.902 740.139 1802.25 1.2727 -0.109643 -0.266983 

1934.22 -220.553 -537.051 -0.0243242 -0.455263 -1.10857 
-220.553 27.2874 62.2878 0.00168955 0.0517701 0.126558 
-537.051 62.2878 153.38 0.00411409 0.126558 0.307967 
-0.0243242 0.00168955 0.00411409 2.19773e-06 5.68371e-06 1.384e-05 
-0.455263 0.0517701 0.126558 5.68371e-06 0.000107733 0.000260846 
-1.10857 0.126558 0.307967 1.384e-05 0.000260846 0.000635777 
