16494.9

-1926.4 476.232 1159.63 0.695363 0.322867 0.786188 

3211.12 1149.56 2799.2 2.02545 -0.409701 -0.997632 
1149.56 421.453 1021.33 0.727533 -0.150182 -0.365708 
2799.2 1021.33 2488.98 1.77156 -0.365708 -0.890502 
2.02545 0.727533 1.77156 0.00128147 -0.000260096 -0.000633339 
-0.409701 -0.150182 -0.365708 -0.000260096 5.43856e-05 0.000131223 
-0.997632 -0.365708 -0.890502 -0.000633339 0.000131223 0.000320027 
