15860.5

-2261.75 250.498 609.969 0.356976 0.38197 0.930105 

1147.3 783.889 1908.79 1.20232 -0.0793937 -0.193325 
783.889 557.052 1351.56 0.840208 -0.0594267 -0.144737 
1908.79 1351.56 3293.07 2.04592 -0.144737 -0.352424 
1.20232 0.840208 2.04592 0.00128214 -8.8579e-05 -0.000215692 
-0.0793937 -0.0594267 -0.144737 -8.8579e-05 7.35907e-06 1.67038e-05 
-0.193325 -0.144737 -0.352424 -0.000215692 1.67038e-05 4.11733e-05 
