24107.9

-1923.02 -476.151 -1159.44 -0.694144 0.322383 0.78501 

4313.54 -2800.62 -6819.58 -3.59869 -1.09685 -2.67086 
-2800.62 2269.12 5520.48 2.70504 0.942777 2.29569 
-6819.58 5520.48 13444.5 6.58682 2.29569 5.59006 
-3.59869 2.70504 6.58682 0.00340178 0.00112369 0.00273621 
-1.09685 0.942777 2.29569 0.00112369 0.00040202 0.000977713 
-2.67086 2.29569 5.59006 0.00273621 0.000977713 0.00238125 
