10785.1

1461.84 -343.892 -837.384 -0.67091 -0.494397 -1.20387 

648.182 449.11 1093.59 0.871352 -0.207918 -0.506285 
449.11 315.088 764.51 0.604517 -0.14545 -0.354619 
1093.59 764.51 1862.72 1.47201 -0.354619 -0.863321 
0.871352 0.604517 1.47201 0.00117375 -0.00028052 -0.000683071 
-0.207918 -0.14545 -0.354619 -0.00028052 6.85543e-05 0.000164691 
-0.506285 -0.354619 -0.863321 -0.000683071 0.000164691 0.000401945 
