23473.5

-1385.9 -650.945 -1585.06 -0.98924 0.221399 0.53911 

9231.97 -2970.67 -7233.63 -3.80857 -2.26055 -5.50448 
-2970.67 1115.11 2710.48 1.23218 0.828415 2.01712 
-7233.63 2710.48 6602.06 3.00039 2.01712 4.91177 
-3.80857 1.23218 3.00039 0.0016398 0.000961204 0.00234055 
-2.26055 0.828415 2.01712 0.000961204 0.000627879 0.00152768 
-5.50448 2.01712 4.91177 0.00234055 0.00152768 0.00372042 
