24742.4

-2257.62 -250.805 -610.714 -0.355859 0.381223 0.928286 

1004.63 -949.648 -2312.41 -1.25406 -0.105949 -0.257987 
-949.648 3382.74 8232.19 4.25588 0.762773 1.85739 
-2312.41 8232.19 20047.6 10.3632 1.85739 4.52278 
-1.25406 4.25588 10.3632 0.00546964 0.000961078 0.00234025 
-0.105949 0.762773 1.85739 0.000961078 0.000189706 0.000460716 
-0.257987 1.85739 4.52278 0.00234025 0.000460716 0.00112236 
