18398.2

107.426 739.407 1800.47 1.27124 -0.109761 -0.267271 

10251.7 -1047.29 -2550.17 -0.243504 -2.48465 -6.05018 
-1047.29 110.858 265.79 0.0203958 0.253839 0.618601 
-2550.17 265.79 648.909 0.0496641 0.618602 1.5061 
-0.243504 0.0203958 0.0496641 1.68356e-05 5.80896e-05 0.000141449 
-2.48465 0.253839 0.618602 5.80896e-05 0.000603764 0.00146869 
-6.05018 0.618601 1.5061 0.000141449 0.00146869 0.0035769 
