8881.87

879.641 604.933 1473.03 1.11553 -0.316974 -0.771839 

1525.39 -467.167 -1137.56 -0.617465 -0.429204 -1.04512 
-467.167 144.923 349.454 0.18841 0.131512 0.320843 
-1137.56 349.454 852.339 0.458783 0.320843 0.781009 
-0.617465 0.18841 0.458783 0.000251106 0.00017353 0.000422548 
-0.429204 0.131512 0.320843 0.00017353 0.000121645 0.000294376 
-1.04512 0.320843 0.781009 0.000422548 0.000294376 0.000717565 
