29183.3

860.769 599.179 1459.01 1.09673 -0.313693 -0.76385 

63004.1 -19638.7 -47820.8 -27.0828 -18.7712 -45.7082 
-19638.7 6200.71 15095.5 8.37307 5.94394 14.4743 
-47820.8 15095.5 36759.3 20.3886 14.4743 35.2449 
-27.0828 8.37307 20.3886 0.0120858 0.00799525 0.0194686 
-18.7712 5.94394 14.4743 0.00799525 0.00581229 0.0141512 
-45.7082 14.4743 35.2449 0.0194686 0.0141512 0.0344591 
