15860.5

-2261.19 251.053 611.323 0.357735 0.381953 0.930052 

859.08 626.13 1526.02 0.955605 -0.0722643 -0.175329 
626.13 461.288 1119.37 0.698925 -0.0528995 -0.128486 
1526.02 1119.37 2730.24 1.7035 -0.128946 -0.313096 
0.955605 0.698925 1.7035 0.00106551 -8.04169e-05 -0.000195202 
-0.0722643 -0.0528995 -0.128946 -8.04169e-05 6.63336e-06 1.48878e-05 
-0.175329 -0.128486 -0.313096 -0.000195202 1.48878e-05 3.66196e-05 
