5709.78

-2262.25 250.843 610.812 0.357278 0.382154 0.930541 

268.542 126.058 307.7 0.208594 -0.00395883 -0.00933851 
126.058 63.9161 151.035 0.0996816 -0.00245274 -0.00592223 
307.7 151.035 370.536 0.243285 -0.00600558 -0.0144028 
0.208594 0.0996816 0.243285 0.000163141 -3.45229e-06 -8.20445e-06 
-0.00395883 -0.00245274 -0.00600558 -3.45229e-06 6.18094e-07 2.98293e-07 
-0.00933851 -0.00592223 -0.0144028 -8.20445e-06 2.98293e-07 1.2346e-06 
