9516.29

1462.23 343.659 836.801 0.670348 -0.494529 -1.20418 

550.141 -422.412 -1028.66 -0.764455 -0.173877 -0.42436 
-422.412 326.886 793.22 0.588791 0.133766 0.326943 
-1028.66 793.22 1932.57 1.43368 0.326177 0.795993 
-0.764455 0.588791 1.43368 0.00106622 0.000241917 0.000590449 
-0.173877 0.133766 0.326177 0.000241917 5.59617e-05 0.000134334 
-0.42436 0.326943 0.795993 0.000590449 0.000134334 0.000328786 
