4440.94

-2262.62 -250.503 -609.964 -0.356715 0.382234 0.93074 

14.5493 18.1344 44.1819 0.0223701 0.00646476 0.0158892 
18.1344 45.3275 105.615 0.0498889 0.0130944 0.0320161 
44.1819 105.615 259.491 0.121616 0.0319388 0.0780393 
0.0223701 0.0498889 0.121616 5.7591e-05 1.52112e-05 3.71991e-05 
0.00646476 0.0130944 0.0319388 1.52112e-05 4.5123e-06 9.81957e-06 
0.0158892 0.0320161 0.0780393 3.71991e-05 9.81957e-06 2.453e-05 
