23473.5

-1389.47 -650.728 -1584.51 -0.989478 0.222071 0.540747 

5425.16 -1427.51 -3474.77 -2.32497 -1.19555 -2.91345 
-1427.51 380.042 920.079 0.614082 0.314826 0.767079 
-3474.77 920.079 2241.25 1.49449 0.766241 1.86722 
-2.32497 0.614082 1.49449 0.00100068 0.000512331 0.0012485 
-1.19555 0.314826 0.766241 0.000512331 0.000263985 0.000642077 
-2.91345 0.767079 1.86722 0.0012485 0.000642077 0.00156518 
