3806.52

-1927.36 -476.428 -1160.09 -0.695375 0.323204 0.787004 

7.28237 -6.22501 -15.2449 -0.00499797 -0.00214994 -0.00517635 
-6.22501 28.6748 64.9648 0.0238379 0.0124238 0.0303465 
-15.2449 64.9648 160.318 0.0580711 0.0302658 0.0739202 
-0.00499797 0.0238379 0.0580711 2.12976e-05 1.10531e-05 2.70111e-05 
-0.00214994 0.0124238 0.0302658 1.10531e-05 6.24236e-06 1.40421e-05 
-0.00517635 0.0303465 0.0739202 2.70111e-05 1.40421e-05 3.48215e-05 
