3172.1

-1389.34 -651.693 -1586.86 -0.990824 0.222066 0.540734 

16.0631 -12.0384 -29.4171 -0.00600217 -0.00747753 -0.018209 
-12.0384 15.0884 31.8809 0.00667715 0.00871365 0.0211876 
-29.4171 31.8809 79.6211 0.0162421 0.0211133 0.0515999 
-0.00600217 0.00667715 0.0162421 3.52309e-06 4.35023e-06 1.06324e-05 
-0.00747753 0.00871365 0.0211133 4.35023e-06 6.0852e-06 1.36382e-05 
-0.018209 0.0211876 0.0515999 1.06324e-05 1.36382e-05 3.38245e-05 
