22204.7

106.054 -739.497 -1800.67 -1.27162 -0.109234 -0.265978 

8821.7 635.234 1551.63 0.428983 -2.27181 -5.53322 
635.234 49.5659 116.825 0.0330782 -0.163704 -0.399274 
1551.63 116.825 286.875 0.0805345 -0.400338 -0.975045 
0.428983 0.0330782 0.0805345 2.71596e-05 -0.000110777 -0.00026994 
-2.27181 -0.163704 -0.400338 -0.000110777 0.00058565 0.00142493 
-5.53322 -0.399274 -0.975045 -0.00026994 0.00142493 0.00347118 
