28548.9

110.46 738.32 1797.8 1.26972 -0.110685 -0.269526 

18313.4 -1769.26 -4301.7 -0.571942 -4.49896 -10.959 
-1769.26 179.554 432.182 0.0662179 0.436299 1.06322 
-4301.7 432.182 1051.91 0.160698 1.06125 2.58473 
-0.571942 0.0662179 0.160698 4.13044e-05 0.000143757 0.000350014 
-4.49896 0.436299 1.06125 0.000143757 0.0011063 0.00269331 
-10.959 1.06322 2.58473 0.000350014 0.00269331 0.0065612 
