18398.2

109.72 739.387 1800.4 1.27157 -0.110246 -0.268454 

8038.39 -810.778 -1970.12 -0.207565 -1.95375 -4.75987 
-810.778 85.1094 202.54 0.0221894 0.197292 0.481135 
-1970.12 202.54 493.541 0.0538171 0.479881 1.16885 
-0.207565 0.0221894 0.0538171 1.11996e-05 5.11226e-05 0.000124462 
-1.95375 0.197292 0.479881 5.11226e-05 0.000475541 0.00115704 
-4.75987 0.481135 1.16885 0.000124462 0.00115704 0.00281946 
