11419.6

878.905 -605.048 -1473.29 -1.11588 -0.316739 -0.771251 

1733.42 453.11 1105.49 0.751849 -0.509869 -1.2414 
453.11 120.337 290.162 0.196369 -0.133285 -0.325131 
1105.49 290.162 709.395 0.47902 -0.325796 -0.793031 
0.751849 0.196369 0.47902 0.000327743 -0.000220977 -0.000538107 
-0.509869 -0.133285 -0.325796 -0.000220977 0.000150754 0.000365214 
-1.2414 -0.325131 -0.793031 -0.000538107 0.000365214 0.000889941 
