14591.7

-2262.24 -250.134 -609.064 -0.356143 0.382179 0.930605 

91.6022 -190.399 -463.932 -0.25869 -0.0398188 -0.0971723 
-190.399 406.064 984.259 0.549944 0.0844273 0.206146 
-463.932 984.259 2399.59 1.3396 0.205695 0.502193 
-0.25869 0.549944 1.3396 0.000749354 0.000114943 0.000280677 
-0.0398188 0.0844273 0.205695 0.000114943 1.81338e-05 4.30536e-05 
-0.0971723 0.206146 0.502193 0.000280677 4.30536e-05 0.000105616 
