8881.87

880.531 604.676 1472.38 1.11516 -0.317224 -0.772445 

1516.71 -465.028 -1131.42 -0.613922 -0.425668 -1.03794 
-465.028 144.578 348.276 0.187884 0.130546 0.318944 
-1131.42 348.276 848.607 0.457081 0.318215 0.775721 
-0.613922 0.187884 0.457081 0.000250246 0.000172193 0.000419837 
-0.425668 0.130546 0.318215 0.000172193 0.000120231 0.000291328 
-1.03794 0.318944 0.775721 0.000419837 0.000291328 0.000711135 
