12054

107.046 -740.089 -1802.11 -1.27272 -0.109368 -0.266305 

2315.56 135.644 332.564 0.140707 -0.611522 -1.48967 
135.644 9.9864 20.3114 0.00769739 -0.0357104 -0.0874943 
332.564 20.3114 51.5255 0.0187629 -0.0880437 -0.214324 
0.140707 0.00769739 0.0187629 1.02969e-05 -3.70779e-05 -9.03619e-05 
-0.611522 -0.0357104 -0.0880437 -3.70779e-05 0.000162075 0.000393328 
-1.48967 -0.0874943 -0.214324 -9.03619e-05 0.000393328 0.000958763 
