13334

7077.25 0.00999579 9.77524e-07 0.91633 1.2063e-07 14.1573 

7.47222 0.000777799 4.43271e-06 -1.99417e-06 -1.34724e-06 -0.0211534 
0.000777799 9.05565e-08 3.81068e-10 -1.66507e-10 -1.56661e-10 -2.18683e-06 
4.43271e-06 3.81068e-10 3.80408e-08 9.84724e-11 -3.07953e-10 4.38373e-08 
-1.99417e-06 -1.66507e-10 9.84724e-11 1.4983e-08 1.70038e-10 6.19719e-09 
-1.34724e-06 -1.56661e-10 -3.07953e-10 1.70038e-10 1.73721e-08 2.05197e-08 
-0.0211534 -2.18683e-06 4.38373e-08 6.19719e-09 2.05197e-08 6.00179e-05 
