25376.8

-2373.92 0.806853 1.97726 0.0013707 0.401195 0.976908 

95.7118 331.864 808.153 0.470375 0.00852042 0.0211598 
331.864 1314.75 3197.92 1.8541 0.0406011 0.0997805 
808.153 3197.92 7792.3 4.51668 0.098945 0.243196 
0.470375 1.8541 4.51668 0.00261982 5.72336e-05 0.000140733 
0.00852042 0.0406011 0.098945 5.72336e-05 2.04855e-06 3.77606e-06 
0.0211598 0.0997805 0.243196 0.000140733 3.77606e-06 9.71239e-06 
