16494.9

-1925.35 476.748 1160.89 0.696147 0.322761 0.785919 

2502.89 925.362 2256.21 1.6121 -0.338563 -0.823806 
925.362 345.778 838.085 0.596658 -0.125424 -0.305275 
2256.21 838.085 2045.35 1.45479 -0.305797 -0.744267 
1.6121 0.596658 1.45479 0.00103935 -0.000217899 -0.000530257 
-0.338563 -0.125424 -0.305797 -0.000217899 4.6397e-05 0.000111693 
-0.823806 -0.305275 -0.744267 -0.000530257 0.000111693 0.000272268 
