29817.7

1458.39 341.9 832.514 0.665903 -0.493443 -1.20153 

5144.65 -3809.76 -9277.74 -7.00356 -1.64272 -4.00316 
-3809.76 2879.14 7008.05 5.30427 1.21828 2.96959 
-9277.74 7008.05 17065.9 12.9159 2.96724 7.23149 
-7.00356 5.30427 12.9159 0.00978161 0.00223984 0.0054589 
-1.64272 1.21828 2.96724 0.00223984 0.000525588 0.00127858 
-4.00316 2.96959 7.23149 0.0054589 0.00127858 0.00311673 
