1903.26

107.978 -740.265 -1802.54 -1.27308 -0.10958 -0.266821 

13.3924 -3.45409 -8.44982 0.00603631 -0.00435441 -0.0106421 
-3.45409 2.908 2.91098 -0.00196813 0.00175174 0.00379517 
-8.44982 2.91098 8.75111 -0.00481688 0.0037537 0.00937363 
0.00603631 -0.00196813 -0.00481688 3.24084e-06 -2.23349e-06 -5.45817e-06 
-0.00435441 0.00175174 0.0037537 -2.23349e-06 2.34503e-06 4.23739e-06 
-0.0106421 0.00379517 0.00937363 -5.45817e-06 4.23739e-06 1.09663e-05 
