27280

-1385.03 651.279 1585.87 0.990901 0.22096 0.53803 

11056.8 2158.23 5262.35 4.49836 -1.98021 -4.82177 
2158.23 427.664 1037.75 0.882181 -0.385991 -0.939909 
5262.35 1037.75 2532.06 2.15097 -0.941045 -2.29178 
4.49836 0.882181 2.15097 0.00183674 -0.000804378 -0.00195878 
-1.98021 -0.385991 -0.941045 -0.000804378 0.000355377 0.000864096 
-4.82177 -0.939909 -2.29178 -0.00195878 0.000864096 0.0021045 
