26645.6

-1923.39 476.64 1160.63 0.696309 0.322343 0.784899 

5657.67 2257.94 5502.79 3.79149 -0.852703 -2.07533 
2257.94 908.72 2209.66 1.51883 -0.339957 -0.827564 
5502.79 2209.66 5387.11 3.70157 -0.828493 -2.01679 
3.79149 1.51883 3.70157 0.00254824 -0.000570579 -0.00138885 
-0.852703 -0.339957 -0.828493 -0.000570579 0.000129169 0.000313163 
-2.07533 -0.827564 -2.01679 -0.00138885 0.000313163 0.000762652 
