1268.84

880.003 -605.067 -1473.34 -1.11602 -0.317024 -0.771947 

6.1255 -0.781858 -1.90592 0.00473148 -0.00140817 -0.00345755 
-0.781858 1.58243 0.400829 -0.000880032 0.000559944 0.000772492 
-1.90592 0.400829 2.37744 -0.00216253 0.000739879 0.0020609 
0.00473148 -0.000880032 -0.00216253 4.1809e-06 -1.18447e-06 -2.91372e-06 
-0.00140817 0.000559944 0.000739879 -1.18447e-06 1.14748e-06 9.65214e-07 
-0.00345755 0.000772492 0.0020609 -2.91372e-06 9.65214e-07 3.09919e-06 
