13957.2

-1927.34 -476.045 -1159.16 -0.694803 0.323215 0.787029 

648.251 -421.336 -1026.1 -0.57812 -0.174743 -0.42623 
-421.336 276.66 668.768 0.376591 0.113848 0.277697 
-1026.1 668.768 1630.47 0.916961 0.277244 0.676241 
-0.57812 0.376591 0.916961 0.000517604 0.000156134 0.000380877 
-0.174743 0.113848 0.277244 0.000156134 4.76609e-05 0.000115043 
-0.42623 0.277697 0.676241 0.000380877 0.000115043 0.000281115 
