19032.6

880.41 603.859 1470.39 1.11338 -0.317333 -0.77271 

6248.08 -1848.18 -4498.52 -2.57981 -1.77691 -4.32993 
-1848.18 551.227 1338.09 0.768247 0.52607 1.28253 
-4498.52 1338.09 3257.9 1.86963 1.28104 3.12139 
-2.57981 0.768247 1.86963 0.00107851 0.000734483 0.00178973 
-1.77691 0.52607 1.28104 0.000734483 0.000506183 0.00123161 
-4.32993 1.28253 3.12139 0.00178973 0.00123161 0.00300193 
