30452.1

1675.93 -1.10373 -2.69914 -0.00237501 -0.564925 -1.37559 

91.3145 51.5976 125.161 0.104427 -0.0305994 -0.0738804 
51.5976 3739.38 9104.96 7.44265 -0.024345 -0.056814 
125.161 9104.96 22176.5 18.1269 -0.0591363 -0.137953 
0.104427 7.44265 18.1269 0.0148185 -4.90328e-05 -0.000114513 
-0.0305994 -0.024345 -0.0591363 -4.90328e-05 1.13689e-05 2.50345e-05 
-0.0738804 -0.056814 -0.137953 -0.000114513 2.50345e-05 6.14154e-05 
