19667

1460.91 342.918 834.995 0.668511 -0.49416 -1.20328 

2266.05 -1699.85 -4139.56 -3.11494 -0.722947 -1.76241 
-1699.85 1288.13 3133.88 2.3605 0.54284 1.32391 
-4139.56 3133.88 7632.13 5.74777 1.32237 3.22386 
-3.11494 2.3605 5.74777 0.00433217 0.000994658 0.00242502 
-0.722947 0.54284 1.32237 0.000994658 0.000231661 0.000562507 
-1.76241 1.32391 3.22386 0.00242502 0.000562507 0.00137223 
