12688.4

-688.075 -748.524 -1822.65 -1.20344 0.0768589 0.187157 

2130.55 -224.884 -546.029 -0.391513 -0.523053 -1.2747 
-224.884 25.9455 58.3766 0.0408562 0.0553755 0.134659 
-546.029 58.3766 143.645 0.0990781 0.134183 0.327068 
-0.391513 0.0408562 0.0990781 7.33407e-05 9.60665e-05 0.000234112 
-0.523053 0.0553755 0.134183 9.60665e-05 0.000128923 0.00031289 
-1.2747 0.134659 0.327068 0.000234112 0.00031289 0.000763057 
