15226.1

-2375.4 0.495143 1.21728 0.000833613 0.401445 0.977516 

84.4202 196.944 479.777 0.278765 0.010264 0.0252961 
196.944 478.095 1160.06 0.670778 0.0248534 0.0610146 
479.777 1160.06 2828.62 1.63443 0.0605668 0.14872 
0.278765 0.670778 1.63443 0.00094611 3.5101e-05 8.62384e-05 
0.010264 0.0248534 0.0605668 3.5101e-05 1.81159e-06 3.21549e-06 
0.0252961 0.0610146 0.14872 8.62384e-05 3.21549e-06 8.38691e-06 
