10785.1

1461.27 -344.29 -838.353 -0.671691 -0.494224 -1.20343 

627.204 440.255 1073.13 0.844077 -0.204708 -0.497878 
440.255 311.417 756.363 0.594164 -0.143924 -0.35052 
1073.13 756.363 1844.87 1.4483 -0.351269 -0.854238 
0.844077 0.594164 1.4483 0.00113963 -0.000275749 -0.000670797 
-0.204708 -0.143924 -0.351269 -0.000275749 6.78362e-05 0.000162748 
-0.497878 -0.35052 -0.854238 -0.000670797 0.000162748 0.000396711 
