13322.8

-1389.68 -651.336 -1585.99 -0.990281 0.222141 0.540916 

1447.14 -434.738 -1058 -0.633998 -0.352009 -0.858214 
-434.738 132.96 318.692 0.190344 0.105931 0.258154 
-1058 318.692 777.499 0.463107 0.257701 0.628276 
-0.633998 0.190344 0.463107 0.000278855 0.000154221 0.00037601 
-0.352009 0.105931 0.257701 0.000154221 8.6143e-05 0.000208792 
-0.858214 0.258154 0.628276 0.00037601 0.000208792 0.000509544 
