6978.62

-1388.39 651.83 1587.21 0.99112 0.22183 0.54015 

1135.49 159.903 391.314 0.443354 -0.16204 -0.394578 
159.903 25.4801 57.3557 0.0617048 -0.0232801 -0.0566124 
391.314 57.3557 142.179 0.151051 -0.0568427 -0.138513 
0.443354 0.0617048 0.151051 0.000173607 -6.30049e-05 -0.000153421 
-0.16204 -0.0232801 -0.0568427 -6.30049e-05 2.37333e-05 5.65779e-05 
-0.394578 -0.0566124 -0.138513 -0.000153421 5.65779e-05 0.000138275 
