20935.8

1459.01 -344.188 -838.103 -0.671165 -0.493548 -1.20178 

2434.23 1738.73 4236.18 3.2799 -0.789136 -1.92022 
1738.73 1254.91 3054.72 2.36614 -0.564178 -1.37349 
4236.18 3054.72 7443.68 5.76483 -1.375 -3.34617 
3.2799 2.36614 5.76483 0.00446757 -0.00106411 -0.00258985 
-0.789136 -0.564178 -1.375 -0.00106411 0.00025685 0.000622767 
-1.92022 -1.37349 -3.34617 -0.00258985 0.000622767 0.0015163 
