634.42

1462.34 -344.111 -837.915 -0.671429 -0.494552 -1.20423 

2.0332 -0.0691957 -0.151277 0.00181691 -0.000193772 -0.000479548 
-0.0691957 1.13414 0.0134253 -0.000155155 0.000209324 7.81048e-05 
-0.151277 0.0134253 1.1746 -0.000382057 4.77929e-05 0.000325359 
0.00181691 -0.000155155 -0.000382057 2.1845e-06 -1.62434e-07 -4.17122e-07 
-0.000193772 0.000209324 4.77929e-05 -1.62434e-07 9.48649e-07 6.47972e-08 
-0.000479548 7.81048e-05 0.000325359 -4.17122e-07 6.47972e-08 1.03873e-06 
