17129.3

-1386.98 651.682 1586.85 0.991142 0.221467 0.539265 

4815.65 877.528 2141.18 1.94431 -0.818858 -1.9939 
877.528 163.18 393.176 0.354346 -0.149382 -0.363705 
2141.18 393.176 961.173 0.864628 -0.364379 -0.887445 
1.94431 0.354346 0.864628 0.000786457 -0.000330188 -0.000804051 
-0.818858 -0.149382 -0.364379 -0.000330188 0.000139847 0.000339301 
-1.9939 -0.363705 -0.887445 -0.000804051 0.000339301 0.00082667 
