26011.2

-2259.42 251.182 611.638 0.358132 0.381625 0.929252 

1795.62 1481.66 3609.92 2.21979 -0.200503 -0.487183 
1481.66 1236.48 3007.78 1.84608 -0.164831 -0.400758 
3609.92 3007.78 7330.51 4.498 -0.401607 -0.976337 
2.21979 1.84608 4.498 0.00276269 -0.000246829 -0.000599988 
-0.200503 -0.164831 -0.401607 -0.000246829 2.30006e-05 5.4671e-05 
-0.487183 -0.400758 -0.976337 -0.000599988 5.4671e-05 0.000133319 
