20741.8

7077.96 0.00999577 1.48353 -1.48649e-06 1.74176e-05 21.9914 

7.69609 0.000790709 3.03969e-06 -2.38907e-06 -0.000206175 -0.035665 
0.000790709 9.05553e-08 2.58806e-10 -1.9768e-10 -2.35413e-08 -3.66187e-06 
3.03969e-06 2.58806e-10 1.73679e-08 7.85455e-11 -4.81724e-08 3.34937e-08 
-2.38907e-06 -1.9768e-10 7.85455e-11 2.08792e-08 2.79587e-08 -1.80031e-08 
-0.000206175 -2.35413e-08 -4.81724e-08 2.79587e-08 0.000384414 -0.00037782 
-0.035665 -3.66187e-06 3.34937e-08 -1.80031e-08 -0.00037782 0.000538511 
