29631.1

7077.96 0.00999577 1.48353 -1.48649e-06 1.74176e-05 31.4162 

7.69609 0.000790709 3.03969e-06 -2.38907e-06 -0.000206175 -0.0510371 
0.000790709 9.05553e-08 2.58806e-10 -1.9768e-10 -2.35413e-08 -5.24123e-06 
3.03969e-06 2.58806e-10 1.73679e-08 7.85455e-11 -4.81724e-08 2.74295e-08 
-2.38907e-06 -1.9768e-10 7.85455e-11 2.08792e-08 2.79587e-08 -1.32283e-08 
-0.000206175 -2.35413e-08 -4.81724e-08 2.79587e-08 0.000384414 -0.000377409 
-0.0510371 -5.24123e-06 2.74295e-08 -1.32283e-08 -0.000377409 0.000711691 
