32989.8

9452.53 -505.266 -1230.33 12.5859 -4.40875 -10.7354 

2.21952e+08 -8.90002e+06 -2.16717e+07 271777 -107210 -261060 
-8.90002e+06 4.58295e+06 1.11596e+07 4551.41 6611.92 16100.2 
-2.16717e+07 1.11596e+07 2.71738e+07 11082.8 16100.2 39204.2 
271777 4551.41 11082.8 391.675 -123.716 -301.25 
-107210 6611.92 16100.2 -123.716 53.3901 130.006 
-261060 16100.2 39204.2 -301.25 130.006 316.567 
