20301.4

1677.69 0.975321 2.37493 0.00182036 -0.565442 -1.37686 

175.629 178.204 433.931 0.47228 0.0655867 0.159705 
178.204 2930.68 7133.86 5.95726 -0.00675019 -0.016443 
433.931 7133.86 17372.1 14.5061 -0.016443 -0.0400365 
0.47228 5.95726 14.5061 0.0122007 3.09007e-05 7.5244e-05 
0.0655867 -0.00675019 -0.016443 3.09007e-05 3.68639e-05 8.73087e-05 
0.159705 -0.016443 -0.0400365 7.5244e-05 8.73087e-05 0.000213607 
