35527.5

41151 -11659.6 -28391.5 12.4631 -4.3895 -10.6885 

4.13521e+09 -1.06888e+09 -2.60276e+09 1.27041e+06 -422383 -1.02851e+06 
-1.06888e+09 3.82406e+08 9.31168e+08 -310623 142316 346543 
-2.60276e+09 9.31168e+08 2.26741e+09 -756373 346543 843839 
1.27041e+06 -310623 -756373 393.443 -124.234 -302.513 
-422383 142316 346543 -124.234 53.4927 130.256 
-1.02851e+06 346543 843839 -302.513 130.256 317.176 
