7613.03

-687.308 748.746 1823.21 1.20373 0.0766036 0.186531 

1682.43 32.6596 79.5269 0.365291 -0.318182 -0.774781 
32.6596 3.13322 2.97873 0.00600102 -0.00647859 -0.015498 
79.5269 2.97873 9.1632 0.0146126 -0.015498 -0.037852 
0.365291 0.00600102 0.0146126 8.0887e-05 -6.88048e-05 -0.000167541 
-0.318182 -0.00647859 -0.015498 -6.88048e-05 6.07095e-05 0.000146538 
-0.774781 -0.015498 -0.037852 -0.000167541 0.000146538 0.000357352 
