60904.3

356996 -122923 -299320 12.4426 -4.38328 -10.6734 

3.22159e+11 -9.97375e+10 -2.42863e+11 1.1262e+07 -3.57766e+06 -8.71167e+06 
-9.97375e+10 4.20728e+10 1.02448e+11 -3.46592e+06 1.50059e+06 3.65397e+06 
-2.42863e+11 1.02448e+11 2.49463e+11 -8.43958e+06 3.65397e+06 8.89748e+06 
1.1262e+07 -3.46592e+06 -8.43958e+06 393.736 -124.341 -302.773 
-3.57766e+06 1.50059e+06 3.65397e+06 -124.341 53.5258 130.336 
-8.71167e+06 3.65397e+06 8.89748e+06 -302.773 130.336 317.371 
