53291.2

262267 -89551.7 -218060 12.4435 -4.38357 -10.6741 

1.73504e+11 -5.33214e+10 -1.29839e+11 8.26437e+06 -2.63101e+06 -6.40656e+06 
-5.33214e+10 2.2327e+10 5.43668e+10 -2.51926e+06 1.09308e+06 2.66168e+06 
-1.29839e+11 5.43668e+10 1.32384e+11 -6.13446e+06 2.66168e+06 6.48125e+06 
8.26437e+06 -2.51926e+06 -6.13446e+06 393.724 -124.336 -302.761 
-2.63101e+06 1.09308e+06 2.66168e+06 -124.336 53.5241 130.332 
-6.40656e+06 2.66168e+06 6.48125e+06 -302.761 130.332 317.362 
