40602.9

104357 -33923.8 -82605.2 12.4486 -4.38523 -10.6781 

2.71714e+10 -7.99132e+09 -1.9459e+10 3.26849e+06 -1.05333e+06 -2.56489e+06 
-7.99132e+09 3.20552e+09 7.80551e+09 -941582 413935 1.00794e+06 
-1.9459e+10 7.80551e+09 1.90066e+10 -2.29277e+06 1.00794e+06 2.45435e+06 
3.26849e+06 -941582 -2.29277e+06 393.65 -124.309 -302.695 
-1.05333e+06 413935 1.00794e+06 -124.309 53.5154 130.311 
-2.56489e+06 1.00794e+06 2.45435e+06 -302.695 130.311 317.31 
