5075.36

-2376.33 -0.00623972 -0.0151937 3.92941e-05 0.40154 0.977759 

82.2186 65.5486 159.612 0.0925818 0.0106745 0.0259926 
65.5486 60.3233 142.031 0.0797392 0.00847436 0.0206353 
159.612 142.031 347.844 0.194167 0.0206353 0.0502473 
0.0925818 0.0797392 0.194167 0.000109892 1.19677e-05 2.91417e-05 
0.0106745 0.00847436 0.0206353 1.19677e-05 1.81963e-06 3.21011e-06 
0.0259926 0.0206353 0.0502473 2.91417e-05 3.21011e-06 8.31801e-06 
