12688.4

-686.94 -748.647 -1822.97 -1.20361 0.0765748 0.186461 

2276.07 -256.976 -625.742 -0.404513 -0.563397 -1.37188 
-256.976 38.8236 89.8957 0.0408994 0.0697814 0.169649 
-625.742 89.8957 220.804 0.0995909 0.169649 0.41321 
-0.404513 0.0408994 0.0995909 7.64556e-05 9.76411e-05 0.000237758 
-0.563397 0.0697814 0.169649 9.76411e-05 0.000145229 0.000352341 
-1.37188 0.169649 0.41321 0.000237758 0.000352341 0.00085849 
