2537.68

-687.31 -748.863 -1823.5 -1.20391 0.0766679 0.186688 

19.1635 -8.58475 -20.904 0.00167463 -0.0076365 -0.018595 
-8.58475 6.78352 11.8663 -0.00090357 0.00462811 0.0109924 
-20.904 11.8663 30.8051 -0.00220021 0.0109924 0.0268806 
0.00167463 -0.00090357 -0.00220021 3.70691e-07 -7.48326e-07 -1.82219e-06 
-0.0076365 0.00462811 0.0109924 -7.48326e-07 4.4579e-06 9.56392e-06 
-0.018595 0.0109924 0.0268806 -1.82219e-06 9.56392e-06 2.38186e-05 
