22839.1

-681.444 -748.262 -1822.03 -1.20157 0.0748184 0.182184 

19908 -2790.56 -6795.08 -3.08875 -5.02145 -12.2273 
-2790.56 737.288 1790.74 0.245654 0.984904 2.39804 
-6795.08 1790.74 4362.37 0.598174 2.39804 5.83937 
-3.08875 0.245654 0.598174 0.000647212 0.000661172 0.00160997 
-5.02145 0.984904 2.39804 0.000661172 0.0015223 0.00370551 
-12.2273 2.39804 5.83937 0.00160997 0.00370551 0.00902354 
