48215.9

199110 -67302.7 -163883 12.4445 -4.38392 -10.6749 

9.97574e+10 -3.0385e+10 -7.39881e+10 6.26597e+06 -1.99992e+06 -4.86985e+06 
-3.0385e+10 1.26103e+10 3.07063e+10 -1.88817e+06 821418 2.00017e+06 
-7.39881e+10 3.07063e+10 7.47704e+10 -4.59774e+06 2.00017e+06 4.87046e+06 
6.26597e+06 -1.88817e+06 -4.59774e+06 393.709 -124.331 -302.748 
-1.99992e+06 821418 2.00017e+06 -124.331 53.5223 130.328 
-4.86985e+06 2.00017e+06 4.87046e+06 -302.748 130.328 317.351 
