50753.6

230689 -78427.4 -190972 12.4439 -4.38372 -10.6745 

1.34095e+11 -4.10525e+10 -9.99636e+10 7.26516e+06 -2.31546e+06 -5.6382e+06 
-4.10525e+10 1.7124e+10 4.16972e+10 -2.20372e+06 957250 2.33092e+06 
-9.99636e+10 4.16972e+10 1.01534e+11 -5.3661e+06 2.33092e+06 5.67585e+06 
7.26516e+06 -2.20372e+06 -5.3661e+06 393.717 -124.334 -302.756 
-2.31546e+06 957250 2.33092e+06 -124.334 53.5233 130.33 
-5.6382e+06 2.33092e+06 5.67585e+06 -302.756 130.33 317.357 
