45678.2

167529 -56177.4 -136793 12.4453 -4.38419 -10.6756 

7.0491e+10 -2.1319e+10 -5.19122e+10 5.26679e+06 -1.68438e+06 -4.10151e+06 
-2.1319e+10 8.78597e+09 2.1394e+10 -1.57263e+06 685587 1.66942e+06 
-5.19122e+10 2.1394e+10 5.20949e+10 -3.8294e+06 1.66942e+06 4.06507e+06 
5.26679e+06 -1.57263e+06 -3.8294e+06 393.697 -124.326 -302.737 
-1.68438e+06 685587 1.66942e+06 -124.326 53.5209 130.324 
-4.10151e+06 1.66942e+06 4.06507e+06 -302.737 130.324 317.343 
