10150.7

1681.82 0.0890919 0.216942 0.000126634 -0.566899 -1.38041 

4.81377 16.1946 39.4341 0.0344486 0.00129545 0.00315444 
16.1946 423.908 1029.79 0.845944 -0.00545538 -0.0132839 
39.4341 1029.79 2508.57 2.05989 -0.0132839 -0.0323466 
0.0344486 0.845944 2.05989 0.00169446 -1.00609e-05 -2.44986e-05 
0.00129545 -0.00545538 -0.0132839 -1.00609e-05 1.72716e-06 1.76775e-06 
0.00315444 -0.0132839 -0.0323466 -2.44986e-05 1.76775e-06 5.30568e-06 
