30452.1

1562.2 73.4505 178.854 0.16622 -0.497351 -1.21106 

176374 132622 322937 427.147 36.4974 88.872 
132622 155294 378142 437.45 26.6375 64.8628 
322937 378142 920785 1065.2 64.8628 157.942 
427.147 437.45 1065.2 1.28242 0.0942815 0.229577 
36.4974 26.6375 64.8628 0.0942815 0.031161 0.0758747 
88.872 64.8628 157.942 0.229577 0.0758747 0.184758 
