27914.5

-729.878 729.222 1775.67 1.15856 0.0750732 0.182805 

288567 6583.68 16031.4 68.741 -56.5318 -137.656 
6583.68 407.144 986.799 1.36492 -1.20112 -2.92436 
16031.4 986.799 2404.77 3.3236 -2.92436 -7.12103 
68.741 1.36492 3.3236 0.0224837 -0.0130815 -0.0318538 
-56.5318 -1.20112 -2.92436 -0.0130815 0.0112127 0.0273019 
-137.656 -2.92436 -7.12103 -0.0318538 0.0273019 0.0664813 
