58366.6

325420 -111799 -272234 12.4428 -4.38336 -10.6736 

2.67536e+11 -8.26639e+10 -2.01288e+11 1.02628e+07 -3.26211e+06 -7.9433e+06 
-8.26639e+10 3.48014e+10 8.47422e+10 -3.15036e+06 1.36475e+06 3.3232e+06 
-2.01288e+11 8.47422e+10 2.06349e+11 -7.6712e+06 3.3232e+06 8.09207e+06 
1.02628e+07 -3.15036e+06 -7.6712e+06 393.733 -124.34 -302.77 
-3.26211e+06 1.36475e+06 3.3232e+06 -124.34 53.5253 130.335 
-7.9433e+06 3.3232e+06 8.09207e+06 -302.77 130.335 317.369 
