38065.2

-681.564 746.555 1817.86 1.20122 0.0747783 0.182077 

29171.4 1477.8 3609.61 5.87101 -6.19505 -15.0876 
1477.8 91.6478 218.797 0.317716 -0.310349 -0.75573 
3609.61 218.797 535.384 0.77561 -0.757827 -1.84621 
5.87101 0.317716 0.77561 0.00121412 -0.00124116 -0.00302302 
-6.19505 -0.310349 -0.757827 -0.00124116 0.0013171 0.00320636 
-15.0876 -0.75573 -1.84621 -0.00302302 0.00320636 0.00780927 
