40602.9

1670.82 -1.46868 -3.58928 -0.00315104 -0.563211 -1.37141 

283.363 83.4309 202.377 0.169933 -0.0949707 -0.230151 
83.4309 6606.43 16087.1 13.1302 -0.0372558 -0.087338 
202.377 16087.1 39180.4 31.9778 -0.0904769 -0.21204 
0.169933 13.1302 31.9778 0.0261013 -7.5419e-05 -0.000176963 
-0.0949707 -0.0372558 -0.0904769 -7.5419e-05 3.29428e-05 7.7413e-05 
-0.230151 -0.087338 -0.21204 -0.000176963 7.7413e-05 0.000188571 
