27914.5

-683.469 747.641 1820.5 1.20258 0.0754613 0.18374 

16277.4 776.073 1897.73 3.32373 -3.41285 -8.31212 
776.073 43.6646 101.876 0.163836 -0.161735 -0.393727 
1897.73 101.876 250.488 0.400456 -0.39523 -0.962979 
3.32373 0.163836 0.400456 0.000689294 -0.000694885 -0.00169257 
-3.41285 -0.161735 -0.39523 -0.000694885 0.000716434 0.00174357 
-8.31212 -0.393727 -0.962979 -0.00169257 0.00174357 0.00424699 
