35527.5

-2371.7 1.11743 2.73451 0.00190663 0.40082 0.975995 

129.601 471.706 1148.44 0.670255 0.00302401 0.00793624 
471.706 2566.34 6246.23 3.62552 0.0551288 0.135599 
1148.44 6246.23 15216.6 8.83102 0.134364 0.330525 
0.670255 3.62552 8.83102 0.00512706 7.74842e-05 0.00019068 
0.00302401 0.0551288 0.134364 7.74842e-05 2.89485e-06 5.81144e-06 
0.00793624 0.135599 0.330525 0.00019068 5.81144e-06 1.46072e-05 
