45678.2

1970.18 0.170941 -2.08167e-17 -1.49172 3.81639e-17 28.2746 

12.4504 0.00576992 3.04225e-14 4.3225e-13 6.65844e-14 -0.254267 
0.00576992 2.94493e-06 -9.77084e-18 1.15555e-16 -7.02932e-18 -0.000120739 
3.04225e-14 -9.77084e-18 9.91354e-07 -3.52598e-17 -1.45252e-07 2.78563e-06 
4.3225e-13 1.15555e-16 -3.52598e-17 1.16673e-06 -3.97761e-17 -2.01837e-12 
6.65844e-14 -7.02932e-18 -1.45252e-07 -3.97761e-17 9.18581e-07 -8.49718e-07 
-0.254267 -0.000120739 2.78563e-06 -2.01837e-12 -8.49718e-07 0.00524226 
