25376.8

1970.18 0.170941 8.32667e-17 -1.49172 4.16334e-17 15.7081 

12.4504 0.00576992 1.32069e-13 2.39616e-14 -6.06741e-14 -0.141381 
0.00576992 2.94493e-06 -1.49136e-18 -1.23332e-17 -6.4633e-18 -6.71357e-05 
1.32069e-13 -1.49136e-18 9.91354e-07 -1.3119e-16 -1.45252e-07 2.78278e-06 
2.39616e-14 -1.23332e-17 -1.3119e-16 1.16673e-06 8.08492e-17 -2.09703e-13 
-6.06741e-14 -6.4633e-18 -1.45252e-07 8.08492e-17 9.18581e-07 -8.49718e-07 
-0.141381 -6.71357e-05 2.78278e-06 -2.09703e-13 -8.49718e-07 0.0016238 
