17763.7

1970.18 0.170941 2.77556e-17 -1.49172 5.55112e-17 10.6604 

12.4504 0.00576992 1.4323e-13 -1.93118e-14 -5.44873e-14 -0.139166 
0.00576992 2.94493e-06 -3.60354e-19 1.84851e-18 -1.82904e-18 -6.64716e-05 
1.4323e-13 -3.60354e-19 9.91354e-07 -9.38527e-17 -1.45252e-07 1.89005e-06 
-1.93118e-14 1.84851e-18 -9.38527e-17 1.16673e-06 5.18745e-17 1.36943e-13 
-5.44873e-14 -1.82904e-18 -1.45252e-07 5.18745e-17 9.18581e-07 -8.49718e-07 
-0.139166 -6.64716e-05 1.89005e-06 1.36943e-13 -8.49718e-07 0.00157421 
