27914.5

1970.18 0.170941 5.55112e-17 -1.49172 4.85723e-17 16.944 

12.4504 0.00576992 1.09689e-13 6.41852e-14 -3.9305e-14 -0.212437 
0.00576992 2.94493e-06 -3.11964e-18 1.75229e-18 -9.53212e-18 -0.000101264 
1.09689e-13 -3.11964e-18 9.91354e-07 -1.12676e-16 -1.45252e-07 1.89039e-06 
6.41852e-14 1.75229e-18 -1.12676e-16 1.16673e-06 3.98032e-17 -5.04778e-13 
-3.9305e-14 -9.53212e-18 -1.45252e-07 3.98032e-17 9.18581e-07 -8.49718e-07 
-0.212437 -0.000101264 1.89039e-06 -5.04778e-13 -8.49718e-07 0.00365952 
