38065.2

1970.18 0.170941 5.55112e-17 -1.49172 5.20417e-17 23.2277 

12.4504 0.00576992 1.29772e-13 9.53453e-14 6.31042e-14 -0.285647 
0.00576992 2.94493e-06 -2.17129e-18 -3.20953e-17 -1.19232e-17 -0.000136028 
1.29772e-13 -2.17129e-18 9.91354e-07 -6.13253e-17 -1.45252e-07 1.89154e-06 
9.53453e-14 -3.20953e-17 -6.13253e-17 1.16673e-06 -1.54222e-17 -1.2294e-12 
6.31042e-14 -1.19232e-17 -1.45252e-07 -1.54222e-17 9.18581e-07 -8.49718e-07 
-0.285647 -0.000136028 1.89154e-06 -1.2294e-12 -8.49718e-07 0.00661362 
