53291.2

1970.18 0.170941 3.72966e-17 -1.49172 -8.67362e-18 33.3204 

12.4504 0.00576992 5.94295e-14 6.12433e-13 7.3973e-14 -0.373344 
0.00576992 2.94493e-06 -5.6002e-18 1.73994e-16 -9.40573e-18 -0.000176894 
5.94295e-14 -5.6002e-18 9.91354e-07 -2.74694e-17 -1.45252e-07 1.89594e-06 
6.12433e-13 1.73994e-16 -2.74694e-17 1.16673e-06 -5.34652e-17 -2.78978e-12 
7.3973e-14 -9.40573e-18 -1.45252e-07 -5.34652e-17 9.18581e-07 -8.49718e-07 
-0.373344 -0.000176894 1.89594e-06 -2.78978e-12 -8.49718e-07 0.0112909 
