20301.4

1970.18 0.170941 5.55112e-17 -1.49172 5.55112e-17 12.5662 

12.4504 0.00576992 1.16872e-13 -8.334e-14 -4.93829e-14 -0.225632 
0.00576992 2.94493e-06 -3.31863e-19 -1.66092e-17 -2.78052e-18 -0.000107143 
1.16872e-13 -3.31863e-19 9.91354e-07 -1.05736e-16 -1.45252e-07 -2.18446e-07 
-8.334e-14 -1.66092e-17 -1.05736e-16 1.16673e-06 5.24811e-17 -1.38976e-13 
-4.93829e-14 -2.78052e-18 -1.45252e-07 5.24811e-17 9.18581e-07 -8.49718e-07 
-0.225632 -0.000107143 -2.18446e-07 -1.38976e-13 -8.49718e-07 0.00411594 
