15226.1

1970.18 0.170941 -2.77556e-17 -1.49172 2.08167e-17 9.42487 

12.4504 0.00576992 1.17249e-13 1.15978e-13 -1.02675e-14 -0.08484 
0.00576992 2.94493e-06 1.5254e-18 5.47333e-17 3.74948e-18 -4.02869e-05 
1.17249e-13 1.5254e-18 9.91354e-07 -4.60744e-17 -1.45252e-07 2.78244e-06 
1.15978e-13 5.47333e-17 -4.60744e-17 1.16673e-06 6.75778e-17 5.61024e-14 
-1.02675e-14 3.74948e-18 -1.45252e-07 6.75778e-17 9.18581e-07 -8.49718e-07 
-0.08484 -4.02869e-05 2.78244e-06 5.61024e-14 -8.49718e-07 0.000589734 
