58366.6

1970.18 0.170941 -1.38778e-17 -1.49172 -3.1225e-17 35.7955 

12.4504 0.00576992 5.95186e-14 4.90343e-13 5.60079e-14 -0.431611 
0.00576992 2.94493e-06 -9.17497e-18 1.14958e-16 -9.2768e-18 -0.000205337 
5.95186e-14 -9.17497e-18 9.91354e-07 1.1044e-17 -1.45252e-07 1.89783e-06 
4.90343e-13 1.14958e-16 1.1044e-17 1.16673e-06 -4.13166e-17 -4.56504e-12 
5.60079e-14 -9.2768e-18 -1.45252e-07 -4.13166e-17 9.18581e-07 -8.49718e-07 
-0.431611 -0.000205337 1.89783e-06 -4.56504e-12 -8.49718e-07 0.0151272 
