55828.9

1970.18 0.170941 1.38778e-17 -1.49172 -5.89806e-17 34.5578 

12.4504 0.00576992 3.686e-14 5.87444e-13 6.69337e-14 -0.310496 
0.00576992 2.94493e-06 -1.03796e-17 1.38975e-16 -6.78615e-18 -0.000147438 
3.686e-14 -1.03796e-17 9.91354e-07 -6.18154e-18 -1.45252e-07 2.78875e-06 
5.87444e-13 1.38975e-16 -6.18154e-18 1.16673e-06 -4.59165e-17 -3.21373e-12 
6.69337e-14 -6.78615e-18 -1.45252e-07 -4.59165e-17 9.18581e-07 -8.49718e-07 
-0.310496 -0.000147438 2.78875e-06 -3.21373e-12 -8.49718e-07 0.00782539 
