5075.36

1970.18 0.170941 -5.55112e-17 -1.49172 1.38778e-17 3.14162 

12.4504 0.00576992 4.26796e-14 -3.14882e-15 -1.51232e-14 -0.028281 
0.00576992 2.94493e-06 -1.50607e-18 9.7123e-18 -2.79261e-18 -1.34294e-05 
4.26796e-14 -1.50607e-18 9.91354e-07 -1.48309e-17 -1.45252e-07 2.78241e-06 
-3.14882e-15 9.7123e-18 -1.48309e-17 1.16673e-06 2.52767e-17 1.55502e-15 
-1.51232e-14 -2.79261e-18 -1.45252e-07 2.52767e-17 9.18581e-07 -8.49718e-07 
-0.028281 -1.34294e-05 2.78241e-06 1.55502e-15 -8.49718e-07 7.271e-05 
