40602.9

1970.18 0.170941 1.38778e-17 -1.49172 3.1225e-17 25.1323 

12.4504 0.00576992 9.61848e-14 2.24107e-13 4.3004e-14 -0.450964 
0.00576992 2.94493e-06 -4.91897e-18 1.00325e-17 -9.98735e-18 -0.00021414 
9.61848e-14 -4.91897e-18 9.91354e-07 -3.1986e-17 -1.45252e-07 -2.14311e-07 
2.24107e-13 1.00325e-17 -3.1986e-17 1.16673e-06 -5.02159e-17 -3.76907e-12 
4.3004e-14 -9.98735e-18 -1.45252e-07 -5.02159e-17 9.18581e-07 -8.49718e-07 
-0.450964 -0.00021414 -2.14311e-07 -3.76907e-12 -8.49718e-07 0.0164595 
