43140.5

1970.18 0.170941 -2.12504e-17 -1.49172 3.64292e-17 27.0379 

12.4504 0.00576992 5.34214e-14 3.50919e-13 4.3997e-14 -0.300364 
0.00576992 2.94493e-06 -9.82386e-18 7.38247e-17 -5.23331e-18 -0.00014224 
5.34214e-14 -9.82386e-18 9.91354e-07 -2.62717e-17 -1.45252e-07 1.89279e-06 
3.50919e-13 7.38247e-17 -2.62717e-17 1.16673e-06 -5.43001e-17 -3.00448e-12 
4.3997e-14 -5.23331e-18 -1.45252e-07 -5.43001e-17 9.18581e-07 -8.49718e-07 
-0.300364 -0.00014224 1.89279e-06 -3.00448e-12 -8.49718e-07 0.00729717 
