7613.03

1970.18 0.170941 -2.77556e-17 -1.49172 4.16334e-17 4.37698 

12.4504 0.00576992 5.66527e-14 -3.40941e-15 -1.13266e-14 -0.0658762 
0.00576992 2.94493e-06 -9.80332e-19 1.71114e-17 2.30035e-18 -3.16695e-05 
5.66527e-14 -9.80332e-19 9.91354e-07 -2.42948e-17 -1.45252e-07 1.89012e-06 
-3.40941e-15 1.71114e-17 -2.42948e-17 1.16673e-06 4.20901e-17 -6.8627e-15 
-1.13266e-14 2.30035e-18 -1.45252e-07 4.20901e-17 9.18581e-07 -8.49718e-07 
-0.0658762 -3.16695e-05 1.89012e-06 -6.8627e-15 -8.49718e-07 0.000357424 
