60904.3

1970.18 0.170941 -5.89806e-17 -1.49172 -5.89806e-17 37.6985 

12.4504 0.00576992 2.90958e-14 3.7508e-13 3.71171e-14 -0.675214 
0.00576992 2.94493e-06 -1.03276e-17 6.25999e-17 -7.58294e-18 -0.000320622 
2.90958e-14 -1.03276e-17 9.91354e-07 2.71075e-17 -1.45252e-07 -2.01577e-07 
3.7508e-13 6.25999e-17 2.71075e-17 1.16673e-06 -3.85305e-17 -7.02815e-12 
3.71171e-14 -7.58294e-18 -1.45252e-07 -3.85305e-17 9.18581e-07 -8.49718e-07 
-0.675214 -0.000320622 -2.01577e-07 -7.02815e-12 -8.49718e-07 0.0370176 
